15, 8775
21, 168
39, 15
74, 334
99, 322
165, 15
168, 264
188, 74
224, 9072
264, 403
294, 224
322, 440
334, 188
337, 165
361, 294
402, 334
403, 542
424, 6789
429, 99
437, 510
440, 429
472, 566
489, 361
509, 539
510, 595
539, 402
544, 622
549, 489
553, 546
566, 674
591, 1208
595, 549
603, 337
617, 553
622, 664
664, 544
674, 794
681, 539
718, 804
779, 681
794, 897
804, 779
813, 718
818, 811
874, 811
897, 1008
911, 804
915, 1017
919, 818
936, 1017
963, 841
1003, 919
1008, 1347
1084, 874
1088, 1003
1122, 1017
1136, 1084
1165, 1346
1173, 1088
1175, 1247
1203, 1220
1208, 98
1220, 1122
1231, 1136
1247, 1355
1298, 1231
1336, 1175
1338, 1465
1346, 1373
1347, 1453
1355, 1336
1373, 1409
1409, 1791
1412, 1346
1453, 1464
1457, 1412
1463, 1298
1464, 1173
1465, 1922
1520, 1463
1542, 1603
1577, 1791
1605, 1577
1666, 1520
1702, 1865
1708, 1605
1713, 1735
1735, 1851
1790, 1851
1791, 2095
1829, 1654
1851, 1903
1862, 1956
1865, 1829
1910, 1457
1948, 1903
1956, 2040
1983, 1829
1998, 1865
2004, 1948
2035, 1983
2040, 2106
2042, 2020
2061, 1948
2085, 1998
2088, 1708
2095, 2088
2106, 2296
2216, 2286
2286, 2473
2294, 2491
2326, 3307
2356, 2227
2451, 2773
2473, 2890
2491, 2653
2550, 2042
2553, 2451
2618, 2282
2646, 2618
2650, 2421
2653, 2693
2693, 2646
2714, 2356
2735, 3024
2773, 3165
2777, 2650
2803, 2735
2827, 2693
2878, 2553
2890, 2990
2943, 2845
2948, 2773
2970, 2714
2990, 2777
3045, 2948
3102, 3045
3165, 2878
3185, 3102
3206, 3485
3307, 3699
3318, 4174
3323, 3757
3347, 2803
3410, 3482
3418, 3410
3438, 3468
3449, 3461
3454, 3418
3461, 3249
3468, 3518
3474, 3449
3482, 3547
3485, 3734
3492, 3454
3547, 3665
3569, 3775
3572, 3461
3579, 3275
3615, 3347
3634, 3206
3665, 3845
3685, 4037
3690, 3579
3699, 3890
3705, 3690
3734, 3634
3748, 3903
3757, 4301
3775, 3888
3845, 3748
3873, 3905
3888, 3757
3890, 3685
3903, 3994
3905, 4031
3975, 3982
3982, 4359
3994, 4094
4031, 4057
4037, 4199
4050, 3699
4057, 3975
4069, 4335
4094, 4232
4100, 3974
4140, 4050
4174, 4231
4199, 4140
4232, 4287
4287, 4343
4295, 4301
4301, 4660
4335, 4518
4343, 4405
4357, 4057
4359, 4534
4382, 4287
4405, 4382
4434, 4787
4450, 4343
4517, 4540
4518, 4554
4520, 4671
4534, 4357
4540, 4689
4552, 4450
4554, 4295
4621, 4819
4630, 4786
4660, 4554
4662, 4630
4671, 4798
4689, 4825
4730, 4763
4757, 4662
4773, 4798
4786, 4757
4787, 5291
4798, 4844
4819, 5132
4825, 4963
4844, 4923
4853, 4656
4905, 4660
4910, 4825
4914, 4785
4923, 4773
4932, 4910
4963, 5056
4968, 4983
4983, 4737
5020, 4552
5028, 5190
5054, 4905
5107, 4963
5132, 5267
5190, 5193
5191, 5054
5193, 5231
5231, 5132
5235, 5340
5267, 5459
5287, 5020
5288, 5190
5291, 5744
5340, 5429
5429, 5435
5435, 5602
5440, 5288
5463, 5670
5469, 5571
5470, 6020
5505, 5340
5530, 5685
5563, 5903
5571, 5695
5576, 5440
5602, 5681
5603, 5530
5646, 5649
5671, 6217
5681, 5505
5685, 5787
5695, 5776
5704, 5463
5705, 5695
5708, 5646
5735, 5563
5744, 5986
5747, 5778
5771, 5671
5776, 5708
5788, 5854
5793, 5747
5849, 5793
5854, 5892
5867, 5788
5879, 5867
5889, 5849
5892, 6056
5897, 5771
5903, 6116
5933, 5867
5944, 6084
5947, 5889
5948, 5776
5953, 6084
5984, 6084
5986, 6132
6020, 6102
6056, 6075
6075, 6175
6084, 6134
6092, 6168
6095, 6148
6102, 6163
6115, 6072
6116, 5735
6132, 6396
6134, 6165
6148, 6212
6149, 6056
6165, 6241
6168, 6220
6175, 6378
6212, 6324
6217, 5897
6220, 6212
6241, 6247
6247, 6252
6252, 6271
6271, 6380
6285, 6229
6295, 6285
6299, 6149
6322, 5903
6324, 6418
6378, 6561
6380, 6553
6396, 6927
6406, 6299
6410, 6324
6418, 6220
6453, 6378
6461, 6285
6462, 6461
6484, 6418
6500, 6462
6510, 6461
6527, 6508
6536, 6554
6553, 6615
6554, 6688
6556, 6406
6561, 6698
6580, 6527
6582, 6982
6603, 6556
6615, 6580
6623, 6410
6629, 6603
6688, 6705
6695, 6484
6698, 6629
6703, 6623
6705, 6536
6733, 6698
6742, 6859
6779, 6703
6789, 6322
6812, 6913
6859, 6879
6869, 6733
6879, 6832
6897, 6905
6913, 6859
6927, 7582
6973, 7063
6982, 7590
7001, 7056
7039, 6913
7056, 7106
7074, 6582
7106, 7178
7121, 7039
7139, 7056
7141, 6869
7150, 7217
7152, 7226
7178, 7139
7194, 7234
7217, 7121
7226, 7254
7234, 7121
7235, 7557
7236, 7377
7242, 7188
7254, 7259
7259, 7242
7264, 7217
7310, 6688
7328, 7408
7377, 7235
7408, 7528
7479, 7536
7488, 7536
7525, 7557
7528, 7796
7536, 7635
7557, 7602
7570, 7377
7582, 7310
7590, 7913
7602, 7710
7615, 7417
7665, 7074
7710, 7570
7747, 7754
7754, 7776
7776, 8075
7790, 7913
7796, 7615
7822, 7776
7852, 7882
7869, 7986
7882, 7928
7906, 7882
7913, 7665
7924, 7796
7928, 7947
7936, 7822
7947, 7906
7949, 7796
7957, 8162
7980, 7936
7986, 7790
8075, 8167
8115, 7949
8123, 8097
8131, 8123
8162, 8238
8167, 8278
8204, 7980
8232, 7950
8238, 8974
8254, 8630
8278, 8322
8308, 8450
8322, 8204
8353, 8556
8414, 8232
8425, 8560
8450, 8634
8465, 8162
8502, 8848
8518, 8414
8538, 8585
8541, 8572
8556, 8560
8558, 8518
8560, 8636
8571, 8465
8572, 8523
8576, 8695
8585, 8541
8597, 8558
8630, 5339
8634, 8665
8636, 8675
8650, 8775
8665, 8781
8679, 8698
8694, 8571
8695, 8720
8698, 8597
8709, 8679
8720, 8728
8728, 8628
8775, 8781
8781, 39
8812, 8709
8848, 126
8916, 8852
8969, 8916
8974, 8694
9072, 8969