 2020-Feb-26 00:00 2458905.500000000     349.32571  -5.69142   -0.281    7.443 357.839
 2020-Feb-27 00:00 2458906.500000000     349.36185  -5.67595    5.124   10.556  25.892
 2020-Feb-28 00:00 2458907.500000000     349.39807  -5.66046   10.509   13.641  37.611
 2020-Feb-29 00:00 2458908.500000000     349.43437  -5.64496   15.866   16.693  43.545
 2020-Mar-01 00:00 2458909.500000000     349.47074  -5.62943   21.183   19.705  47.070
 2020-Mar-02 00:00 2458910.500000000     349.50716  -5.61390   26.453   22.674  49.398
 2020-Mar-03 00:00 2458911.500000000     349.54364  -5.59836   31.668   25.602  51.048
 2020-Mar-04 00:00 2458912.500000000     349.58015  -5.58281   36.829   28.489  52.277
 2020-Mar-05 00:00 2458913.500000000     349.61669  -5.56727   41.933   31.338  53.229
 2020-Mar-06 00:00 2458914.500000000     349.65325  -5.55174   46.980   34.146  53.991
 2020-Mar-07 00:00 2458915.500000000     349.68982  -5.53624   51.969   36.911  54.617
 2020-Mar-08 00:00 2458916.500000000     349.72637  -5.52080   56.900   39.634  55.142
 2020-Mar-09 00:00 2458917.500000000     349.76278  -5.50537   61.766   42.301  55.596
 2020-Mar-10 00:00 2458918.500000000     349.79921  -5.48987   66.561   44.942  55.974
 2020-Mar-11 00:00 2458919.500000000     349.83565  -5.47442   71.303   47.547  56.305
 2020-Mar-12 00:00 2458920.500000000     349.87206  -5.45900   75.988   50.112  56.598
 2020-Mar-13 00:00 2458921.500000000     349.90844  -5.44362   80.614   52.636  56.859
 2020-Mar-14 00:00 2458922.500000000     349.94479  -5.42826   85.180   55.120  57.094
 2020-Mar-15 00:00 2458923.500000000     349.98110  -5.41293   89.684   57.567  57.306
 2020-Mar-16 00:00 2458924.500000000     350.01735  -5.39764   94.131   59.981  57.496
 2020-Mar-17 00:00 2458925.500000000     350.05354  -5.38238   98.524   62.363  57.669
 2020-Mar-18 00:00 2458926.500000000     350.08965  -5.36718  102.864   64.710  57.828
 2020-Mar-19 00:00 2458927.500000000     350.12566  -5.35202  107.149   67.022  57.976
 2020-Mar-20 00:00 2458928.500000000     350.16158  -5.33692  111.379   69.298  58.113
 2020-Mar-21 00:00 2458929.500000000     350.19739  -5.32187  115.554   71.543  58.239
 2020-Mar-22 00:00 2458930.500000000     350.23307  -5.30689  119.678   73.758  58.356
 2020-Mar-23 00:00 2458931.500000000     350.26864  -5.29196  123.753   75.946  58.465
 2020-Mar-24 00:00 2458932.500000000     350.30407  -5.27710  127.781   78.104  58.567
 2020-Mar-25 00:00 2458933.500000000     350.33937  -5.26231  131.760   80.230  58.665
 2020-Mar-26 00:00 2458934.500000000     350.37453  -5.24759  135.690   82.325  58.756
 2020-Mar-27 00:00 2458935.500000000     350.40955  -5.23293  139.570   84.392  58.843
 2020-Mar-28 00:00 2458936.500000000     350.44442  -5.21835  143.405   86.435  58.923
 2020-Mar-29 00:00 2458937.500000000     350.47914  -5.20384  147.197   88.454  59.000
 2020-Mar-30 00:00 2458938.500000000     350.51370  -5.18941  150.947   90.446  59.073
 2020-Mar-31 00:00 2458939.500000000     350.54809  -5.17506  154.653   92.409  59.143
 2020-Apr-01 00:00 2458940.500000000     350.58231  -5.16079  158.314   94.345  59.210
 2020-Apr-02 00:00 2458941.500000000     350.61633  -5.14662  161.932   96.257  59.274
 2020-Apr-03 00:00 2458942.500000000     350.65015  -5.13254  165.509   98.148  59.334
 2020-Apr-04 00:00 2458943.500000000     350.68376  -5.11857  169.048  100.018  59.392
 2020-Apr-05 00:00 2458944.500000000     350.71715  -5.10470  172.550  101.863  59.448
 2020-Apr-06 00:00 2458945.500000000     350.75030  -5.09093  176.012  103.683  59.502
 2020-Apr-07 00:00 2458946.500000000     350.78321  -5.07728  179.434  105.478  59.554
 2020-Apr-08 00:00 2458947.500000000     350.81590  -5.06373  182.817  107.253  59.604
 2020-Apr-09 00:00 2458948.500000000     350.84836  -5.05029  186.163  109.009  59.652
 2020-Apr-10 00:00 2458949.500000000     350.88059  -5.03695  189.476  110.746  59.697
 2020-Apr-11 00:00 2458950.500000000     350.91258  -5.02372  192.755  112.461  59.742
 2020-Apr-12 00:00 2458951.500000000     350.94434  -5.01060  195.998  114.152  59.786
 2020-Apr-13 00:00 2458952.500000000     350.97585  -4.99760  199.205  115.822  59.828
 2020-Apr-14 00:00 2458953.500000000     351.00708  -4.98472  202.376  117.473  59.869
 2020-Apr-15 00:00 2458954.500000000     351.03804  -4.97197  205.514  119.109  59.908
 2020-Apr-16 00:00 2458955.500000000     351.06871  -4.95936  208.623  120.727  59.946
 2020-Apr-17 00:00 2458956.500000000     351.09908  -4.94688  211.701  122.324  59.983
 2020-Apr-18 00:00 2458957.500000000     351.12915  -4.93453  214.745  123.900  60.020
 2020-Apr-19 00:00 2458958.500000000     351.15891  -4.92233  217.756  125.456  60.056
 2020-Apr-20 00:00 2458959.500000000     351.18835  -4.91026  220.735  126.997  60.090
 2020-Apr-21 00:00 2458960.500000000     351.21748  -4.89834  223.685  128.523  60.123
 2020-Apr-22 00:00 2458961.500000000     351.24629  -4.88656  226.607  130.032  60.155
 2020-Apr-23 00:00 2458962.500000000     351.27478  -4.87493  229.501  131.523  60.187
 2020-Apr-24 00:00 2458963.500000000     351.30295  -4.86344  232.365  132.993  60.219
 2020-Apr-25 00:00 2458964.500000000     351.33078  -4.85210  235.197  134.446  60.250
 2020-Apr-26 00:00 2458965.500000000     351.35829  -4.84090  238.000  135.885  60.280
 2020-Apr-27 00:00 2458966.500000000     351.38545  -4.82986  240.777  137.310  60.308
 2020-Apr-28 00:00 2458967.500000000     351.41226  -4.81898  243.529  138.721  60.337
 2020-Apr-29 00:00 2458968.500000000     351.43871  -4.80826  246.254  140.113  60.365
 2020-Apr-30 00:00 2458969.500000000     351.46480  -4.79771  248.950  141.486  60.393
 2020-May-01 00:00 2458970.500000000     351.49050  -4.78732  251.617  142.843  60.420
 2020-May-02 00:00 2458971.500000000     351.51582  -4.77711  254.257  144.188  60.446
 2020-May-03 00:00 2458972.500000000     351.54074  -4.76707  256.874  145.521  60.472
 2020-May-04 00:00 2458973.500000000     351.56527  -4.75721  259.466  146.839  60.497
 2020-May-05 00:00 2458974.500000000     351.58940  -4.74753  262.034  148.139  60.522
 2020-May-06 00:00 2458975.500000000     351.61314  -4.73801  264.574  149.421  60.548
 2020-May-07 00:00 2458976.500000000     351.63650  -4.72867  267.087  150.690  60.572
 2020-May-08 00:00 2458977.500000000     351.65946  -4.71950  269.575  151.946  60.596
 2020-May-09 00:00 2458978.500000000     351.68204  -4.71050  272.041  153.191  60.619
 2020-May-10 00:00 2458979.500000000     351.70422  -4.70168  274.484  154.422  60.642
 2020-May-11 00:00 2458980.500000000     351.72599  -4.69304  276.904  155.636  60.665
 2020-May-12 00:00 2458981.500000000     351.74733  -4.68459  279.297  156.833  60.688
 2020-May-13 00:00 2458982.500000000     351.76824  -4.67634  281.664  158.018  60.711
 2020-May-14 00:00 2458983.500000000     351.78871  -4.66827  284.009  159.191  60.733
 2020-May-15 00:00 2458984.500000000     351.80874  -4.66040  286.332  160.353  60.754
 2020-May-16 00:00 2458985.500000000     351.82832  -4.65273  288.634  161.502  60.775
 2020-May-17 00:00 2458986.500000000     351.84745  -4.64526  290.912  162.633  60.797
 2020-May-18 00:00 2458987.500000000     351.86613  -4.63798  293.165  163.750  60.818
 2020-May-19 00:00 2458988.500000000     351.88436  -4.63090  295.394  164.853  60.839
 2020-May-20 00:00 2458989.500000000     351.90213  -4.62401  297.601  165.947  60.859
 2020-May-21 00:00 2458990.500000000     351.91946  -4.61732  299.788  167.030  60.879
 2020-May-22 00:00 2458991.500000000     351.93633  -4.61083  301.954  168.099  60.899
 2020-May-23 00:00 2458992.500000000     351.95275  -4.60454  304.097  169.152  60.920
 2020-May-24 00:00 2458993.500000000     351.96871  -4.59845  306.216  170.190  60.940
 2020-May-25 00:00 2458994.500000000     351.98420  -4.59257  308.311  171.216  60.959
 2020-May-26 00:00 2458995.500000000     351.99923  -4.58689  310.384  172.233  60.978
 2020-May-27 00:00 2458996.500000000     352.01377  -4.58142  312.439  173.239  60.997
 2020-May-28 00:00 2458997.500000000     352.02782  -4.57617  314.473  174.231  61.016
 2020-May-29 00:00 2458998.500000000     352.04138  -4.57113  316.484  175.207  61.035
 2020-May-30 00:00 2458999.500000000     352.05445  -4.56630  318.472  176.169  61.054
 2020-May-31 00:00 2459000.500000000     352.06701  -4.56170  320.436  177.120  61.073
 2020-Jun-01 00:00 2459001.500000000     352.07908  -4.55731  322.380  178.061  61.091
 2020-Jun-02 00:00 2459002.500000000     352.09066  -4.55313  324.305  178.992  61.109
 2020-Jun-03 00:00 2459003.500000000     352.10175  -4.54916  326.209  179.908  61.127
 2020-Jun-04 00:00 2459004.500000000     352.11237  -4.54539  328.091  180.808  61.146
 2020-Jun-05 00:00 2459005.500000000     352.12251  -4.54184  329.949  181.695  61.164
 2020-Jun-06 00:00 2459006.500000000     352.13216  -4.53849  331.784  182.572  61.182
 2020-Jun-07 00:00 2459007.500000000     352.14133  -4.53536  333.600  183.439  61.199
 2020-Jun-08 00:00 2459008.500000000     352.15000  -4.53244  335.396  184.295  61.216
 2020-Jun-09 00:00 2459009.500000000     352.15816  -4.52974  337.172  185.137  61.234
 2020-Jun-10 00:00 2459010.500000000     352.16582  -4.52727  338.926  185.963  61.252
 2020-Jun-11 00:00 2459011.500000000     352.17295  -4.52501  340.655  186.775  61.269
 2020-Jun-12 00:00 2459012.500000000     352.17957  -4.52298  342.362  187.578  61.287
 2020-Jun-13 00:00 2459013.500000000     352.18568  -4.52117  344.050  188.372  61.303
 2020-Jun-14 00:00 2459014.500000000     352.19127  -4.51958  345.718  189.154  61.320
 2020-Jun-15 00:00 2459015.500000000     352.19636  -4.51820  347.366  189.920  61.337
 2020-Jun-16 00:00 2459016.500000000     352.20093  -4.51705  348.990  190.672  61.355
 2020-Jun-17 00:00 2459017.500000000     352.20501  -4.51610  350.591  191.411  61.372
 2020-Jun-18 00:00 2459018.500000000     352.20858  -4.51538  352.170  192.140  61.388
 2020-Jun-19 00:00 2459019.500000000     352.21165  -4.51486  353.728  192.859  61.405
 2020-Jun-20 00:00 2459020.500000000     352.21423  -4.51456  355.268  193.566  61.421
 2020-Jun-21 00:00 2459021.500000000     352.21630  -4.51448  356.786  194.258  61.438
 2020-Jun-22 00:00 2459022.500000000     352.21786  -4.51461  358.281  194.935  61.455
 2020-Jun-23 00:00 2459023.500000000     352.21892  -4.51497  359.751  195.599  61.472
 2020-Jun-24 00:00 2459024.500000000     352.21946  -4.51554  361.199  196.254  61.488
 2020-Jun-25 00:00 2459025.500000000     352.21948  -4.51633  362.628  196.899  61.504
 2020-Jun-26 00:00 2459026.500000000     352.21898  -4.51735  364.037  197.531  61.520
 2020-Jun-27 00:00 2459027.500000000     352.21797  -4.51859  365.423  198.148  61.537
 2020-Jun-28 00:00 2459028.500000000     352.21644  -4.52004  366.785  198.749  61.553
 2020-Jun-29 00:00 2459029.500000000     352.21441  -4.52171  368.123  199.337  61.570
 2020-Jun-30 00:00 2459030.500000000     352.21189  -4.52358  369.439  199.917  61.586
 2020-Jul-01 00:00 2459031.500000000     352.20888  -4.52566  370.734  200.485  61.601
 2020-Jul-02 00:00 2459032.500000000     352.20540  -4.52794  372.009  201.041  61.617
 2020-Jul-03 00:00 2459033.500000000     352.20143  -4.53042  373.261  201.580  61.634
 2020-Jul-04 00:00 2459034.500000000     352.19699  -4.53311  374.488  202.105  61.650
 2020-Jul-05 00:00 2459035.500000000     352.19207  -4.53601  375.690  202.617  61.666
 2020-Jul-06 00:00 2459036.500000000     352.18665  -4.53911  376.870  203.120  61.682
 2020-Jul-07 00:00 2459037.500000000     352.18074  -4.54242  378.029  203.611  61.698
 2020-Jul-08 00:00 2459038.500000000     352.17434  -4.54593  379.167  204.089  61.713
 2020-Jul-09 00:00 2459039.500000000     352.16745  -4.54965  380.281  204.551  61.730
 2020-Jul-10 00:00 2459040.500000000     352.16007  -4.55358  381.369  204.997  61.746
 2020-Jul-11 00:00 2459041.500000000     352.15222  -4.55771  382.432  205.431  61.762
 2020-Jul-12 00:00 2459042.500000000     352.14389  -4.56203  383.472  205.856  61.777
 2020-Jul-13 00:00 2459043.500000000     352.13509  -4.56655  384.491  206.269  61.793
 2020-Jul-14 00:00 2459044.500000000     352.12583  -4.57126  385.488  206.667  61.809
 2020-Jul-15 00:00 2459045.500000000     352.11612  -4.57616  386.461  207.048  61.825
 2020-Jul-16 00:00 2459046.500000000     352.10596  -4.58124  387.406  207.415  61.841
 2020-Jul-17 00:00 2459047.500000000     352.09536  -4.58651  388.326  207.769  61.857
 2020-Jul-18 00:00 2459048.500000000     352.08432  -4.59196  389.223  208.114  61.872
 2020-Jul-19 00:00 2459049.500000000     352.07283  -4.59760  390.098  208.446  61.888
 2020-Jul-20 00:00 2459050.500000000     352.06091  -4.60342  390.950  208.763  61.904
 2020-Jul-21 00:00 2459051.500000000     352.04854  -4.60942  391.776  209.063  61.920
 2020-Jul-22 00:00 2459052.500000000     352.03574  -4.61561  392.574  209.349  61.936
 2020-Jul-23 00:00 2459053.500000000     352.02249  -4.62198  393.347  209.622  61.951
 2020-Jul-24 00:00 2459054.500000000     352.00881  -4.62853  394.095  209.885  61.967
 2020-Jul-25 00:00 2459055.500000000     351.99470  -4.63525  394.821  210.135  61.982
 2020-Jul-26 00:00 2459056.500000000     351.98017  -4.64215  395.523  210.368  61.998
 2020-Jul-27 00:00 2459057.500000000     351.96525  -4.64920  396.198  210.585  62.014
 2020-Jul-28 00:00 2459058.500000000     351.94994  -4.65642  396.845  210.787  62.030
 2020-Jul-29 00:00 2459059.500000000     351.93426  -4.66378  397.465  210.976  62.046
 2020-Jul-30 00:00 2459060.500000000     351.91820  -4.67130  398.061  211.155  62.061
 2020-Jul-31 00:00 2459061.500000000     351.90178  -4.67897  398.633  211.321  62.077
 2020-Aug-01 00:00 2459062.500000000     351.88498  -4.68679  399.181  211.470  62.093
 2020-Aug-02 00:00 2459063.500000000     351.86782  -4.69475  399.700  211.601  62.109
 2020-Aug-03 00:00 2459064.500000000     351.85030  -4.70287  400.190  211.718  62.125
 2020-Aug-04 00:00 2459065.500000000     351.83240  -4.71114  400.653  211.823  62.141
 2020-Aug-05 00:00 2459066.500000000     351.81415  -4.71955  401.092  211.916  62.156
 2020-Aug-06 00:00 2459067.500000000     351.79554  -4.72810  401.506  211.996  62.172
 2020-Aug-07 00:00 2459068.500000000     351.77659  -4.73679  401.894  212.058  62.187
 2020-Aug-08 00:00 2459069.500000000     351.75730  -4.74561  402.253  212.102  62.204
 2020-Aug-09 00:00 2459070.500000000     351.73770  -4.75456  402.583  212.132  62.220
 2020-Aug-10 00:00 2459071.500000000     351.71778  -4.76363  402.885  212.150  62.235
 2020-Aug-11 00:00 2459072.500000000     351.69756  -4.77282  403.162  212.157  62.251
 2020-Aug-12 00:00 2459073.500000000     351.67704  -4.78212  403.413  212.148  62.267
 2020-Aug-13 00:00 2459074.500000000     351.65624  -4.79154  403.638  212.122  62.283
 2020-Aug-14 00:00 2459075.500000000     351.63516  -4.80106  403.832  212.078  62.299
 2020-Aug-15 00:00 2459076.500000000     351.61382  -4.81069  403.996  212.020  62.315
 2020-Aug-16 00:00 2459077.500000000     351.59220  -4.82043  404.133  211.950  62.331
 2020-Aug-17 00:00 2459078.500000000     351.57032  -4.83027  404.244  211.868  62.346
 2020-Aug-18 00:00 2459079.500000000     351.54818  -4.84021  404.328  211.770  62.362
 2020-Aug-19 00:00 2459080.500000000     351.52578  -4.85025  404.385  211.654  62.378
 2020-Aug-20 00:00 2459081.500000000     351.50312  -4.86038  404.410  211.520  62.395
 2020-Aug-21 00:00 2459082.500000000     351.48023  -4.87061  404.405  211.373  62.411
 2020-Aug-22 00:00 2459083.500000000     351.45711  -4.88092  404.372  211.213  62.427
 2020-Aug-23 00:00 2459084.500000000     351.43378  -4.89131  404.312  211.041  62.442
 2020-Aug-24 00:00 2459085.500000000     351.41026  -4.90177  404.226  210.852  62.458
 2020-Aug-25 00:00 2459086.500000000     351.38656  -4.91229  404.110  210.645  62.475
 2020-Aug-26 00:00 2459087.500000000     351.36270  -4.92287  403.963  210.420  62.491
 2020-Aug-27 00:00 2459088.500000000     351.33867  -4.93351  403.785  210.182  62.508
 2020-Aug-28 00:00 2459089.500000000     351.31449  -4.94420  403.578  209.932  62.524
 2020-Aug-29 00:00 2459090.500000000     351.29016  -4.95495  403.345  209.668  62.539
 2020-Aug-30 00:00 2459091.500000000     351.26567  -4.96575  403.084  209.388  62.556
 2020-Aug-31 00:00 2459092.500000000     351.24104  -4.97660  402.793  209.089  62.572
 2020-Sep-01 00:00 2459093.500000000     351.21626  -4.98750  402.470  208.774  62.589
 2020-Sep-02 00:00 2459094.500000000     351.19136  -4.99845  402.116  208.444  62.605
 2020-Sep-03 00:00 2459095.500000000     351.16634  -5.00942  401.733  208.103  62.621
 2020-Sep-04 00:00 2459096.500000000     351.14121  -5.02044  401.323  207.747  62.637
 2020-Sep-05 00:00 2459097.500000000     351.11599  -5.03147  400.885  207.375  62.654
 2020-Sep-06 00:00 2459098.500000000     351.09069  -5.04253  400.416  206.984  62.671
 2020-Sep-07 00:00 2459099.500000000     351.06532  -5.05360  399.914  206.576  62.687
 2020-Sep-08 00:00 2459100.500000000     351.03989  -5.06468  399.382  206.154  62.704
 2020-Sep-09 00:00 2459101.500000000     351.01442  -5.07577  398.820  205.721  62.720
 2020-Sep-10 00:00 2459102.500000000     350.98892  -5.08686  398.232  205.273  62.737
 2020-Sep-11 00:00 2459103.500000000     350.96339  -5.09795  397.614  204.808  62.753
 2020-Sep-12 00:00 2459104.500000000     350.93784  -5.10904  396.964  204.325  62.770
 2020-Sep-13 00:00 2459105.500000000     350.91227  -5.12012  396.282  203.825  62.787
 2020-Sep-14 00:00 2459106.500000000     350.88669  -5.13120  395.569  203.312  62.804
 2020-Sep-15 00:00 2459107.500000000     350.86111  -5.14226  394.826  202.786  62.821
 2020-Sep-16 00:00 2459108.500000000     350.83552  -5.15331  394.056  202.247  62.837
 2020-Sep-17 00:00 2459109.500000000     350.80995  -5.16435  393.257  201.689  62.854
 2020-Sep-18 00:00 2459110.500000000     350.78440  -5.17535  392.425  201.113  62.871
 2020-Sep-19 00:00 2459111.500000000     350.75890  -5.18633  391.561  200.520  62.889
 2020-Sep-20 00:00 2459112.500000000     350.73346  -5.19726  390.665  199.915  62.906
 2020-Sep-21 00:00 2459113.500000000     350.70811  -5.20815  389.741  199.298  62.923
 2020-Sep-22 00:00 2459114.500000000     350.68285  -5.21898  388.788  198.666  62.940
 2020-Sep-23 00:00 2459115.500000000     350.65769  -5.22976  387.806  198.015  62.957
 2020-Sep-24 00:00 2459116.500000000     350.63263  -5.24048  386.791  197.347  62.975
 2020-Sep-25 00:00 2459117.500000000     350.60769  -5.25114  385.743  196.663  62.992
 2020-Sep-26 00:00 2459118.500000000     350.58285  -5.26175  384.664  195.967  63.009
 2020-Sep-27 00:00 2459119.500000000     350.55814  -5.27229  383.557  195.258  63.027
 2020-Sep-28 00:00 2459120.500000000     350.53354  -5.28277  382.421  194.534  63.044
 2020-Sep-29 00:00 2459121.500000000     350.50908  -5.29317  381.256  193.792  63.062
 2020-Sep-30 00:00 2459122.500000000     350.48477  -5.30351  380.057  193.032  63.080
 2020-Oct-01 00:00 2459123.500000000     350.46061  -5.31376  378.825  192.258  63.098
 2020-Oct-02 00:00 2459124.500000000     350.43662  -5.32393  377.563  191.470  63.115
 2020-Oct-03 00:00 2459125.500000000     350.41282  -5.33400  376.272  190.671  63.133
 2020-Oct-04 00:00 2459126.500000000     350.38921  -5.34398  374.953  189.856  63.151
 2020-Oct-05 00:00 2459127.500000000     350.36580  -5.35386  373.604  189.022  63.169
 2020-Oct-06 00:00 2459128.500000000     350.34261  -5.36364  372.221  188.171  63.188
 2020-Oct-07 00:00 2459129.500000000     350.31965  -5.37331  370.805  187.306  63.206
 2020-Oct-08 00:00 2459130.500000000     350.29693  -5.38287  369.359  186.429  63.224
 2020-Oct-09 00:00 2459131.500000000     350.27444  -5.39231  367.885  185.539  63.242
 2020-Oct-10 00:00 2459132.500000000     350.25220  -5.40164  366.383  184.634  63.261
 2020-Oct-11 00:00 2459133.500000000     350.23021  -5.41085  364.849  183.710  63.279
 2020-Oct-12 00:00 2459134.500000000     350.20848  -5.41995  363.282  182.769  63.299
 2020-Oct-13 00:00 2459135.500000000     350.18700  -5.42893  361.682  181.814  63.317
 2020-Oct-14 00:00 2459136.500000000     350.16579  -5.43778  360.052  180.848  63.336
 2020-Oct-15 00:00 2459137.500000000     350.14485  -5.44650  358.395  179.869  63.355
 2020-Oct-16 00:00 2459138.500000000     350.12421  -5.45509  356.708  178.873  63.374
 2020-Oct-17 00:00 2459139.500000000     350.10388  -5.46353  354.990  177.860  63.394
 2020-Oct-18 00:00 2459140.500000000     350.08387  -5.47183  353.239  176.829  63.413
 2020-Oct-19 00:00 2459141.500000000     350.06421  -5.47996  351.455  175.785  63.433
 2020-Oct-20 00:00 2459142.500000000     350.04490  -5.48794  349.642  174.730  63.452
 2020-Oct-21 00:00 2459143.500000000     350.02594  -5.49577  347.800  173.662  63.472
 2020-Oct-22 00:00 2459144.500000000     350.00733  -5.50343  345.930  172.577  63.492
 2020-Oct-23 00:00 2459145.500000000     349.98907  -5.51094  344.027  171.474  63.512
 2020-Oct-24 00:00 2459146.500000000     349.97116  -5.51829  342.091  170.356  63.533
 2020-Oct-25 00:00 2459147.500000000     349.95362  -5.52548  340.124  169.224  63.554
 2020-Oct-26 00:00 2459148.500000000     349.93643  -5.53251  338.126  168.081  63.574
 2020-Oct-27 00:00 2459149.500000000     349.91962  -5.53937  336.101  166.924  63.594
 2020-Oct-28 00:00 2459150.500000000     349.90319  -5.54606  334.046  165.750  63.615
 2020-Oct-29 00:00 2459151.500000000     349.88715  -5.55257  331.959  164.559  63.637
 2020-Oct-30 00:00 2459152.500000000     349.87151  -5.55891  329.838  163.351  63.659
 2020-Oct-31 00:00 2459153.500000000     349.85628  -5.56506  327.686  162.132  63.680
 2020-Nov-01 00:00 2459154.500000000     349.84148  -5.57102  325.504  160.900  63.702
 2020-Nov-02 00:00 2459155.500000000     349.82710  -5.57680  323.294  159.655  63.723
 2020-Nov-03 00:00 2459156.500000000     349.81316  -5.58238  321.053  158.393  63.746
 2020-Nov-04 00:00 2459157.500000000     349.79965  -5.58777  318.780  157.112  63.769
 2020-Nov-05 00:00 2459158.500000000     349.78659  -5.59297  316.473  155.817  63.792
 2020-Nov-06 00:00 2459159.500000000     349.77397  -5.59798  314.134  154.509  63.815
 2020-Nov-07 00:00 2459160.500000000     349.76179  -5.60279  311.765  153.189  63.837
 2020-Nov-08 00:00 2459161.500000000     349.75006  -5.60741  309.368  151.855  63.861
 2020-Nov-09 00:00 2459162.500000000     349.73878  -5.61183  306.940  150.503  63.885
 2020-Nov-10 00:00 2459163.500000000     349.72794  -5.61606  304.478  149.134  63.909
 2020-Nov-11 00:00 2459164.500000000     349.71756  -5.62009  301.982  147.749  63.934
 2020-Nov-12 00:00 2459165.500000000     349.70765  -5.62392  299.454  146.352  63.959
 2020-Nov-13 00:00 2459166.500000000     349.69821  -5.62754  296.896  144.943  63.984
 2020-Nov-14 00:00 2459167.500000000     349.68926  -5.63094  294.309  143.518  64.009
 2020-Nov-15 00:00 2459168.500000000     349.68082  -5.63413  291.689  142.076  64.035
 2020-Nov-16 00:00 2459169.500000000     349.67289  -5.63709  289.036  140.616  64.062
 2020-Nov-17 00:00 2459170.500000000     349.66546  -5.63984  286.347  139.140  64.089
 2020-Nov-18 00:00 2459171.500000000     349.65854  -5.64237  283.626  137.653  64.116
 2020-Nov-19 00:00 2459172.500000000     349.65212  -5.64469  280.874  136.152  64.143
 2020-Nov-20 00:00 2459173.500000000     349.64620  -5.64680  278.091  134.636  64.171
 2020-Nov-21 00:00 2459174.500000000     349.64077  -5.64869  275.276  133.102  64.200
 2020-Nov-22 00:00 2459175.500000000     349.63583  -5.65037  272.424  131.549  64.229
 2020-Nov-23 00:00 2459176.500000000     349.63140  -5.65184  269.537  129.981  64.259
 2020-Nov-24 00:00 2459177.500000000     349.62746  -5.65309  266.616  128.400  64.289
 2020-Nov-25 00:00 2459178.500000000     349.62404  -5.65412  263.664  126.806  64.320
 2020-Nov-26 00:00 2459179.500000000     349.62113  -5.65493  260.680  125.195  64.351
 2020-Nov-27 00:00 2459180.500000000     349.61874  -5.65552  257.660  123.565  64.384
 2020-Nov-28 00:00 2459181.500000000     349.61688  -5.65588  254.604  121.916  64.417
 2020-Nov-29 00:00 2459182.500000000     349.61554  -5.65602  251.510  120.252  64.451
 2020-Nov-30 00:00 2459183.500000000     349.61473  -5.65593  248.381  118.574  64.485
 2020-Dec-01 00:00 2459184.500000000     349.61446  -5.65561  245.219  116.882  64.520
 2020-Dec-02 00:00 2459185.500000000     349.61471  -5.65508  242.023  115.172  64.555
 2020-Dec-03 00:00 2459186.500000000     349.61549  -5.65432  238.789  113.442  64.593
 2020-Dec-04 00:00 2459187.500000000     349.61678  -5.65334  235.516  111.692  64.631
 2020-Dec-05 00:00 2459188.500000000     349.61860  -5.65214  232.204  109.927  64.671
 2020-Dec-06 00:00 2459189.500000000     349.62093  -5.65073  228.855  108.148  64.710
 2020-Dec-07 00:00 2459190.500000000     349.62377  -5.64910  225.471  106.353  64.751
 2020-Dec-08 00:00 2459191.500000000     349.62712  -5.64725  222.049  104.538  64.793
 2020-Dec-09 00:00 2459192.500000000     349.63099  -5.64519  218.587  102.702  64.837
 2020-Dec-10 00:00 2459193.500000000     349.63538  -5.64291  215.083  100.846  64.883
 2020-Dec-11 00:00 2459194.500000000     349.64029  -5.64040  211.538   98.974  64.930
 2020-Dec-12 00:00 2459195.500000000     349.64575  -5.63766  207.953   97.086  64.977
 2020-Dec-13 00:00 2459196.500000000     349.65174  -5.63470  204.329   95.180  65.026
 2020-Dec-14 00:00 2459197.500000000     349.65827  -5.63151  200.665   93.253  65.078
 2020-Dec-15 00:00 2459198.500000000     349.66534  -5.62810  196.957   91.304  65.132
 2020-Dec-16 00:00 2459199.500000000     349.67293  -5.62447  193.203   89.333  65.188
 2020-Dec-17 00:00 2459200.500000000     349.68102  -5.62063  189.404   87.345  65.246
 2020-Dec-18 00:00 2459201.500000000     349.68962  -5.61658  185.562   85.340  65.305
 2020-Dec-19 00:00 2459202.500000000     349.69872  -5.61232  181.678   83.315  65.367
 2020-Dec-20 00:00 2459203.500000000     349.70832  -5.60786  177.748   81.267  65.433
 2020-Dec-21 00:00 2459204.500000000     349.71841  -5.60319  173.770   79.195  65.502
 2020-Dec-22 00:00 2459205.500000000     349.72899  -5.59830  169.742   77.101  65.574
 2020-Dec-23 00:00 2459206.500000000     349.74007  -5.59321  165.664   74.987  65.649
 2020-Dec-24 00:00 2459207.500000000     349.75165  -5.58791  161.539   72.854  65.727
 2020-Dec-25 00:00 2459208.500000000     349.76373  -5.58241  157.365   70.699  65.810
 2020-Dec-26 00:00 2459209.500000000     349.77631  -5.57669  153.141   68.518  65.898
 2020-Dec-27 00:00 2459210.500000000     349.78938  -5.57077  148.863   66.312  65.992
 2020-Dec-28 00:00 2459211.500000000     349.80294  -5.56465  144.529   64.081  66.091
 2020-Dec-29 00:00 2459212.500000000     349.81698  -5.55832  140.140   61.829  66.195
 2020-Dec-30 00:00 2459213.500000000     349.83150  -5.55180  135.697   59.556  66.306
 2020-Dec-31 00:00 2459214.500000000     349.84650  -5.54508  131.200   57.258  66.425
 2021-Jan-01 00:00 2459215.500000000     349.86195  -5.53818  126.645   54.932  66.553
 2021-Jan-02 00:00 2459216.500000000     349.87785  -5.53109  122.029   52.578  66.692
 2021-Jan-03 00:00 2459217.500000000     349.89420  -5.52381  117.350   50.198  66.842
 2021-Jan-04 00:00 2459218.500000000     349.91099  -5.51636  112.610   47.795  67.004
 2021-Jan-05 00:00 2459219.500000000     349.92821  -5.50872  107.809   45.368  67.180
 2021-Jan-06 00:00 2459220.500000000     349.94588  -5.50090  102.946   42.913  67.373
 2021-Jan-07 00:00 2459221.500000000     349.96399  -5.49290   98.018   40.429  67.587
 2021-Jan-08 00:00 2459222.500000000     349.98254  -5.48471   93.020   37.915  67.826
 2021-Jan-09 00:00 2459223.500000000     350.00153  -5.47634   87.953   35.374  68.092
 2021-Jan-10 00:00 2459224.500000000     350.02097  -5.46779   82.817   32.808  68.390
 2021-Jan-11 00:00 2459225.500000000     350.04084  -5.45905   77.614   30.217  68.729
 2021-Jan-12 00:00 2459226.500000000     350.06114  -5.45015   72.342   27.598  69.120
 2021-Jan-13 00:00 2459227.500000000     350.08184  -5.44108   66.997   24.948  69.577
 2021-Jan-14 00:00 2459228.500000000     350.10293  -5.43185   61.578   22.270  70.118
 2021-Jan-15 00:00 2459229.500000000     350.12441  -5.42246   56.085   19.567  70.768
 2021-Jan-16 00:00 2459230.500000000     350.14626  -5.41292   50.520   16.842  71.564
 2021-Jan-17 00:00 2459231.500000000     350.16849  -5.40322   44.885   14.095  72.568
 2021-Jan-18 00:00 2459232.500000000     350.19108  -5.39336   39.183   11.325  73.880
 2021-Jan-19 00:00 2459233.500000000     350.21405  -5.38336   33.412    8.533  75.674
 2021-Jan-20 00:00 2459234.500000000     350.23738  -5.37320   27.574    5.723  78.276
 2021-Jan-21 00:00 2459235.500000000     350.26108  -5.36288   21.675    2.902  82.375
 2021-Jan-22 00:00 2459236.500000000     350.28514  -5.35242   15.725    0.078  89.716
 2021-Jan-23 00:00 2459237.500000000     350.30956  -5.34180    9.735   -2.743 105.738
 2021-Jan-24 00:00 2459238.500000000     350.33435  -5.33103    3.718   -5.557 146.217
 2021-Jan-25 00:00 2459239.500000000     350.35949  -5.32010   -2.313   -8.352 195.479
 2021-Jan-26 00:00 2459240.500000000     350.38499  -5.30903   -8.335  -11.113 216.868
 2021-Jan-27 00:00 2459241.500000000     350.41083  -5.29780  -14.315  -13.818 226.013
 2021-Jan-28 00:00 2459242.500000000     350.43703  -5.28643  -20.212  -16.440 230.875
 2021-Jan-29 00:00 2459243.500000000     350.46359  -5.27489  -25.971  -18.952 233.880
 2021-Jan-30 00:00 2459244.500000000     350.49051  -5.26319  -31.527  -21.319 235.933
 2021-Jan-31 00:00 2459245.500000000     350.51780  -5.25132  -36.799  -23.495 237.442
 2021-Feb-01 00:00 2459246.500000000     350.54550  -5.23927  -41.684  -25.425 238.618
 2021-Feb-02 00:00 2459247.500000000     350.57363  -5.22700  -46.061  -27.043 239.582
 2021-Feb-03 00:00 2459248.500000000     350.60223  -5.21452  -49.794  -28.280 240.405
 2021-Feb-04 00:00 2459249.500000000     350.63135  -5.20179  -52.748  -29.075 241.136
 2021-Feb-05 00:00 2459250.500000000     350.66100  -5.18881  -54.805  -29.378 241.806
 2021-Feb-06 00:00 2459251.500000000     350.69122  -5.17558  -55.886  -29.159 242.445
 2021-Feb-07 00:00 2459252.500000000     350.72200  -5.16208  -55.960  -28.415 243.079
 2021-Feb-08 00:00 2459253.500000000     350.75331  -5.14834  -55.055  -27.169 243.733
 2021-Feb-09 00:00 2459254.500000000     350.78513  -5.13438  -53.245  -25.475 244.430
 2021-Feb-10 00:00 2459255.500000000     350.81741  -5.12023  -50.642  -23.402 245.197
 2021-Feb-11 00:00 2459256.500000000     350.85009  -5.10590  -47.376  -21.024 246.069
 2021-Feb-12 00:00 2459257.500000000     350.88314  -5.09142  -43.573  -18.410 247.095
 2021-Feb-13 00:00 2459258.500000000     350.91651  -5.07682  -39.349  -15.617 248.352
 2021-Feb-14 00:00 2459259.500000000     350.95017  -5.06210  -34.800  -12.693 249.961
 2021-Feb-15 00:00 2459260.500000000     350.98409  -5.04728  -30.004   -9.677 252.124
 2021-Feb-16 00:00 2459261.500000000     351.01826  -5.03237  -25.029   -6.605 255.218
 2021-Feb-17 00:00 2459262.500000000     351.05265  -5.01737  -19.929   -3.503 260.030
 2021-Feb-18 00:00 2459263.500000000     351.08725  -5.00231  -14.747   -0.392 268.478
 2021-Feb-19 00:00 2459264.500000000     351.12204  -4.98717   -9.517    2.718 285.938
 2021-Feb-20 00:00 2459265.500000000     351.15700  -4.97198   -4.262    5.817 323.773
 2021-Feb-21 00:00 2459266.500000000     351.19213  -4.95673    1.001    8.898   6.416
 2021-Feb-22 00:00 2459267.500000000     351.22741  -4.94143    6.255   11.952  27.624
 2021-Feb-23 00:00 2459268.500000000     351.26282  -4.92609   11.486   14.970  37.497
 2021-Feb-24 00:00 2459269.500000000     351.29835  -4.91072   16.684   17.952  42.903
 2021-Feb-25 00:00 2459270.500000000     351.33399  -4.89532   21.840   20.897  46.265
 2021-Feb-26 00:00 2459271.500000000     351.36972  -4.87989   26.953   23.806  48.548
 2021-Feb-27 00:00 2459272.500000000     351.40552  -4.86444   32.019   26.677  50.200