0; 94.725; 36
0; 94.725; 36.0792
0; 94.56255; 36.1222
0; 94.28745; 36.3411
0; 93.8958; 36.5144
0; 93.72915; 36.7781
0; 93.5625; 37.0414
0; 93.17085; 37.2133
0; 92.6625; 37.3381
0; 92.15835; 37.4614
0; 91.7667; 37.4086
0; 91.25415; 37.5289
0; 91.0791; 37.7903
0; 90.9; 38.0517
0; 90.7209; 38.3125
0; 90.31245; 38.4778
0; 90.13335; 38.7383
0; 89.95005; 38.9986
0; 89.53755; 39.1619
0; 89.35005; 39.4217
0; 89.05005; 39.6325
0; 88.75005; 39.8428
0; 88.32915; 40.0031
0; 87.91245; 40.1622
0; 87.7167; 40.42
0; 87.5208; 40.6778
0; 87.09585; 40.8347
0; 86.8959; 41.0917
0; 86.6958; 41.3483
0; 86.49585; 41.6047
0; 86.2917; 41.8611
0; 86.08755; 42.1169
0; 85.65; 42.27
0; 85.44165; 42.525
0; 85.1166; 42.7281
0; 84.7875; 42.9303
0; 84.4584; 43.1317
0; 84.12495; 43.3325
0; 83.79165; 43.5325
0; 83.45415; 43.7317
0; 82.99995; 43.8764
0; 82.77495; 44.1275
0; 82.3167; 44.27
0; 82.0875; 44.5203
0; 81.8583; 44.77
0; 81.6291; 45.0194
0; 81.27915; 45.2133
0; 80.925; 45.4064
0; 80.3334; 45.4864
0; 79.73745; 45.5636
0; 79.3791; 45.7525
0; 78.7791; 45.8253
0; 78.1791; 45.8953
0; 77.6625; 45.8817
0; 77.31255; 45.705
0; 76.8; 45.6878
0; 76.4541; 45.5086
0; 76.11255; 45.3283
0; 75.77505; 45.1472
0; 75.2625; 45.1233
0; 74.75415; 45.0972
0; 74.3334; 44.9906
0; 73.9125; 44.8822
0; 73.3167; 44.9281
0; 72.7209; 44.9711
0; 72.12495; 45.0108
0; 71.52495; 45.0475
0; 71.1417; 45.2111
0; 70.7583; 45.3736
0; 70.1541; 45.4031
0; 69.55005; 45.4294
0; 68.94585; 45.4525
0; 68.5542; 45.6075
0; 67.95; 45.6253
0; 67.44585; 45.7083
0; 66.9417; 45.7889
0; 66.6459; 46.0058
0; 66.3459; 46.2219
0; 65.83755; 46.2978
0; 65.52915; 46.5117
0; 65.22495; 46.7247
0; 64.9125; 46.9369
0; 64.60005; 47.1483
0; 64.60005; 47.5725
0; 64.69995; 47.9264
0; 65.0166; 48.1389
0; 65.33745; 48.3506
0; 65.6583; 48.5614
0; 65.7708; 48.9144
0; 65.8833; 49.2672
0; 66.1083; 49.5483
0; 66.3333; 49.8289
0; 66.5625; 50.1089
0; 66.57495; 50.5331
0; 66.35835; 50.8186
0; 66.0291; 51.0339
0; 65.6958; 51.2483
0; 65.1291; 51.3208
0; 64.45005; 51.3194
0; 63.88755; 51.2447
0; 63.5541; 51.0289
0; 63.225; 50.8119
0; 62.89995; 50.5944
0; 62.5791; 50.3758
0; 62.2584; 50.1564
0; 61.9416; 49.9361
0; 61.62495; 49.7147
0; 61.3167; 49.4928
0; 61.0083; 49.27
0; 60.58755; 49.1128
0; 60.17085; 48.9539
0; 59.87085; 48.7281
0; 59.68755; 48.4361
0; 59.5041; 48.1436
0; 59.325; 47.8514
0; 59.3709; 47.4286
0; 59.41665; 47.0061
0; 59.46255; 46.5836
0; 59.5041; 46.1611
0; 59.7375; 45.8894
0; 59.56245; 45.5978
0; 59.38755; 45.3058
0; 58.89585; 45.2081
0; 58.48335; 45.3247
0; 58.1541; 45.5164
0; 57.8292; 45.7072
0; 57.4959; 45.8969
0; 57.2541; 46.1631
0; 57.01245; 46.4289
0; 56.67495; 46.6158
0; 56.3334; 46.8017
0; 56.07915; 47.065
0; 55.82505; 47.3278
0; 55.47495; 47.5108
0; 55.3083; 47.8514
0; 55.0416; 48.1122
0; 54.77505; 48.3725
0; 54.5958; 48.7119
0; 54.4167; 49.0511
0; 54.04995; 49.2294
0; 53.67915; 49.4064
0; 53.30415; 49.5819
0; 52.92915; 49.7561
0; 52.55415; 49.9292
0; 51.99585; 49.9364
0; 51.61245; 50.1061
0; 51.225; 50.2744
0; 50.83755; 50.4411
0; 50.18745; 50.3561
0; 49.67085; 50.2131
0; 49.4166; 49.9606
0; 49.1667; 49.7078
0; 48.91665; 49.4542
0; 48.9291; 49.0944
0; 48.81255; 48.7878
0; 48.70005; 48.4811
0; 48.7125; 48.1217
0; 48.34995; 47.9197
0; 47.7375; 47.8203
0; 47.2833; 47.8883
0; 46.90005; 48.0406
0; 46.51665; 48.1914
0; 46.1334; 48.3406
0; 45.7458; 48.4883
0; 45.50415; 48.8086
0; 45.1083; 48.9539
0; 44.71245; 49.0978
0; 44.46255; 49.4158
0; 44.0583; 49.5569
0; 43.6542; 49.6964
0; 43.3917; 50.0119
0; 43.05; 50.2375
0; 42.7083; 50.4622
0; 42.43335; 50.7753
0; 42.01245; 50.9083
0; 41.7291; 51.2192
0; 41.29995; 51.3494
0; 41.00835; 51.6586
0; 40.5708; 51.7858
0; 40.2708; 52.0928
0; 39.9666; 52.3992
0; 39.58755; 52.6133
0; 39.3417; 53.0089
0; 39.08745; 53.4039
0; 39.13755; 53.7186
0; 39.1209; 53.9417
0; 39.6375; 54.135
0; 39.85005; 54.4083
0; 40.37505; 54.5981
0; 40.59585; 54.8703
0; 40.81665; 55.1419
0; 41.04165; 55.4131
0; 41.4291; 55.6408
0; 41.8209; 55.8672
0; 42.05835; 56.1367
0; 42.2958; 56.4056
0; 42.54165; 56.6739
0; 42.3792; 56.9422
0; 42.4584; 57.2553
0; 42.4584; 57.4789
0; 42.7083; 57.7469
0; 43.1334; 57.9692
0; 43.47495; 58.1011
0; 43.81665; 58.2322
0; 44.2416; 58.2269
0; 44.925; 58.2606
0; 45.42495; 58.1158
0; 46.10415; 58.1431
0; 46.59585; 57.9936
0; 47.27505; 58.0147
0; 47.75835; 57.8608
0; 48.43755; 57.8758
0; 48.91665; 57.7175
0; 49.59165; 57.7264
0; 50.26665; 57.7314
0; 50.83755; 57.65
0; 51.61665; 57.7311
0; 52.0917; 57.9219
0; 52.725; 58.0533
0; 53.0541; 58.2981
0; 53.38755; 58.5417
0; 53.72505; 58.7847
0; 53.75415; 59.1447
0; 53.94165; 59.4458
0; 53.8167; 59.865
0; 53.68755; 60.2836
0; 53.3166; 60.5403
0; 52.93755; 60.7958
0; 52.4334; 60.9686
0; 51.9291; 61.1394
0; 51.4167; 61.3086
0; 50.8959; 61.4761
0; 50.60415; 61.8083
0; 50.07495; 61.9725
0; 49.7709; 62.3031
0; 49.4625; 62.6331
0; 48.91245; 62.7931
0; 48.35415; 62.9511
0; 47.79165; 63.1069
0; 47.22495; 63.2608
0; 46.65; 63.4125
0; 46.07085; 63.5617
0; 45.4833; 63.7089
0; 44.8917; 63.8536
0; 44.2917; 63.9961
0; 43.6875; 64.1364
0; 43.0791; 64.2739
0; 42.46245; 64.4092
0; 41.8416; 64.5422
0; 41.11245; 64.5822
0; 40.3833; 64.6186
0; 39.65415; 64.6519
0; 38.9166; 64.6814
0; 38.27505; 64.7997
0; 37.44585; 64.7303
0; 36.7083; 64.7492
0; 35.9709; 64.7647
0; 35.31255; 64.8706
0; 34.65; 64.9736
0; 33.825; 64.8847
0; 33.1584; 64.9811
0; 32.4834; 65.0747
0; 31.8042; 65.1653
0; 31.0542; 65.1572
0; 30.3042; 65.1456
0; 29.6166; 65.2267
0; 28.92495; 65.3044
0; 28.2291; 65.3794
0; 27.5334; 65.4511
0; 26.82915; 65.5197
0; 26.12505; 65.5853
0; 25.41255; 65.6475
0; 24.70005; 65.7067
0; 23.98755; 65.7625
0; 23.1834; 65.6178
0; 22.4667; 65.6667
0; 21.75; 65.7125
0; 21.0291; 65.7547
0; 20.30415; 65.7936
0; 19.5792; 65.8294
0; 18.85005; 65.8617
0; 18.10005; 65.7911
0; 17.35005; 65.7167
0; 16.62495; 65.7389
0; 15.8958; 65.7575
0; 15.1584; 65.6728
0; 14.42085; 65.5847
0; 13.6833; 65.2933
0; 13.1916; 64.9969
0; 12.7167; 64.6992
0; 12.7125; 64.3992
0; 12.7041; 64.0992
0; 13.1541; 63.7969
0; 13.14585; 63.4972
0; 13.5792; 63.1936
0; 13.125; 62.8972
0; 12.9; 62.5983
0; 12.25005; 62.5
0; 11.59995; 62.3983
0; 11.16255; 62.5956
0; 11.14995; 62.8956
0; 11.1375; 63.1956
0; 11.1291; 63.4956
0; 11.11665; 63.7956
0; 11.1042; 64.0956
0; 10.3959; 64.3883
0; 9.675; 64.6781
0; 8.9667; 64.7642
0; 8.25; 64.8472
0; 7.5291; 64.9267
0; 6.7833; 65.1025
0; 6.0291; 65.2744
0; 5.23755; 65.5422
0; 4.4916; 65.6075
0; 3.77085; 65.5697
0; 3.05415; 65.5289
0; 2.34165; 65.4847
0; 1.62915; 65.4372
0; 0.92085; 65.3867
0; 0.3; 65.1361
0; 0; 65.1175
0; 0; 65.0006
0; 0; 47.7867
0; 0.0375; 47.9036
0; 0.43335; 48.0572
0; 0.7833; 48.4058
0; 1.1625; 48.6547
0; 1.5459; 48.9019
0; 1.9083; 49.2464
0; 2.3292; 49.3919
0; 2.7042; 49.7333
0; 3.0834; 50.0733
0; 3.5166; 50.2139
0; 3.9084; 50.5506
0; 4.3458; 50.6875
0; 4.7916; 50.8222
0; 5.2167; 51.0544
0; 5.68335; 51.0861
0; 6.13335; 51.215
0; 6.58755; 51.3419
0; 7.0167; 51.6661
0; 7.4541; 51.9883
0; 7.5792; 52.295
0; 8.0292; 52.6147
0; 8.5041; 52.7331
0; 8.9667; 53.0489
0; 9.43335; 53.3628
0; 9.91245; 53.6744
0; 10.06245; 53.9778
0; 10.21245; 54.2808
0; 10.36665; 54.5839
0; 10.8708; 54.8914
0; 11.38755; 54.8964
0; 11.90415; 54.8994
0; 12.4209; 54.6997
0; 12.9333; 54.5978
0; 13.4334; 54.2933
0; 13.9416; 54.2867
0; 14.44995; 54.2778
0; 14.9583; 54.2661
0; 15.46665; 54.2525
0; 15.96255; 54.1364
0; 16.4583; 54.0183
0; 16.93755; 53.7981
0; 17.41245; 53.5758
0; 17.8917; 53.4511
0; 18.3708; 53.3242
0; 18.81255; 52.9964
0; 19.2459; 52.6664
0; 19.6917; 52.4344
0; 20.1333; 52.2003
0; 20.61255; 52.1625
0; 21.0417; 51.9247
0; 21.4959; 51.7839
0; 21.9417; 51.6411
0; 22.3584; 51.3978
0; 22.82505; 51.35
0; 23.23335; 51.1031
0; 23.6958; 51.0511
0; 24.12915; 50.8992
0; 24.5541; 50.745
0; 24.9459; 50.4914
0; 25.33755; 50.2361
0; 25.78335; 50.1747
0; 26.1666; 49.9161
0; 26.60835; 49.8511
0; 27.05415; 49.7839
0; 27.4959; 49.715
0; 27.9375; 49.6439
0; 28.37505; 49.5708
0; 28.81245; 49.4958
0; 29.3292; 49.6119
0; 29.7666; 49.5328
0; 30.19995; 49.4517
0; 30.6333; 49.3686
0; 31.06665; 49.2836
0; 31.4958; 49.1967
0; 31.92495; 49.1078
0; 32.4; 49.1122
0; 32.87505; 49.1144
0; 33.3; 49.0197
0; 33.72495; 48.9231
0; 34.1958; 48.9186
0; 34.67085; 48.9122
0; 35.1417; 48.9033
0; 35.6166; 48.8922
0; 36.0333; 48.7856
0; 36.4458; 48.6772
0; 36.975; 48.7525
0; 37.3875; 48.6403
0; 37.8; 48.5261
0; 38.2083; 48.4106
0; 38.49585; 48.1097
0; 38.83755; 47.8997
0; 39.05415; 47.5058
0; 39.39165; 47.2939
0; 39.72495; 47.0808
0; 39.99165; 46.7758
0; 40.3791; 46.6511
0; 40.7667; 46.5247
0; 41.14995; 46.3967
0; 41.52915; 46.2672
0; 41.90835; 46.1361
0; 42.28755; 46.0036
0; 42.66255; 45.8694
0; 43.03755; 45.7339
0; 43.40835; 45.5969
0; 43.77915; 45.4583
0; 44.1459; 45.3183
0; 44.5125; 45.1769
0; 44.94585; 45.1211
0; 45.3792; 45.0636
0; 45.73755; 44.9172
0; 46.0959; 44.7694
0; 46.4541; 44.6206
0; 46.8084; 44.47
0; 47.15835; 44.3183
0; 47.5125; 44.1653
0; 47.8584; 44.0108
0; 48.20415; 43.855
0; 48.55005; 43.6981
0; 48.8916; 43.5397
0; 49.2333; 43.38
0; 49.5708; 43.2192
0; 50.0583; 43.2236
0; 50.5458; 43.2253
0; 50.8791; 43.0597
0; 51.3666; 43.0572
0; 51.69585; 42.8886
0; 52.02495; 42.7189
0; 52.4292; 42.6292
0; 52.8333; 42.5375
0; 53.4; 42.6053
0; 53.9625; 42.6697
0; 54.4458; 42.6511
0; 54.9333; 42.6303
0; 55.5; 42.6856
0; 56.0709; 42.7375
0; 56.4708; 42.6306
0; 56.86665; 42.5219
0; 57.1791; 42.3344
0; 57.4875; 42.1458
0; 57.7959; 41.9561
0; 58.0125; 41.6889
0; 58.2291; 41.4214
0; 58.44165; 41.1533
0; 58.6542; 40.885
0; 58.95; 40.6914
0; 59.2458; 40.4972
0; 59.53755; 40.3019
0; 60; 40.2553
0; 60.46665; 40.2061
0; 61.0167; 40.2286
0; 61.5708; 40.2481
0; 62.12085; 40.2644
0; 62.48745; 40.4142
0; 62.8542; 40.5628
0; 63.4083; 40.5722
0; 63.9666; 40.5783
0; 64.52085; 40.5814
0; 64.89585; 40.7228
0; 65.45415; 40.7208
0; 66.01245; 40.7158
0; 66.5709; 40.7078
0; 67.1292; 40.6969
0; 67.4916; 40.5467
0; 67.9542; 40.4631
0; 68.2167; 40.2428
0; 68.4834; 40.0217
0; 68.93745; 39.9336
0; 69.1959; 39.7108
0; 69.64995; 39.6197
0; 70.0041; 39.4608
0; 70.3542; 39.3008
0; 70.8; 39.2047
0; 71.0541; 38.9772
0; 71.49585; 38.8781
0; 71.7459; 38.6489
0; 72.1875; 38.5469
0; 72.62505; 38.4431
0; 72.9666; 38.2744
0; 73.3041; 38.1047
0; 73.74165; 37.9964
0; 73.8792; 37.6997
0; 74.0166; 37.4031
0; 74.0541; 37.0442
0; 74.0916; 36.6853
0; 74.3208; 36.4503
0; 74.55; 36.2144
0; 74.7042; 36
0; 94.77915; 36
1; 360; 65.0006
1; 359.8785; 65.0006
1; 359.6955; 64.8831
1; 359.1465; 64.53
1; 358.512; 64.3703
1; 357.987; 64.0128
1; 357.375; 63.8483
1; 356.8215; 63.5842
1; 356.166; 63.5119
1; 355.5165; 63.4367
1; 354.8715; 63.3586
1; 354.2295; 63.2775
1; 353.5875; 63.1939
1; 352.9545; 63.1072
1; 352.3215; 63.0178
1; 351.6915; 62.9256
1; 351; 62.9256
1; 350.304; 62.9219
1; 349.533; 63.0089
1; 348.762; 63.0919
1; 348.1455; 62.9844
1; 347.5335; 62.8744
1; 346.9245; 62.7617
1; 346.3215; 62.6467
1; 345.7215; 62.5289
1; 345.213; 62.3172
1; 344.712; 62.1039
1; 344.133; 61.9794
1; 343.734; 61.6717
1; 343.254; 61.4533
1; 342.783; 61.2331
1; 342.4995; 60.8319
1; 342.2205; 60.4303
1; 341.7705; 60.2067
1; 341.325; 59.9814
1; 340.791; 59.8436
1; 340.4505; 59.5269
1; 339.9285; 59.3856
1; 339.4125; 59.2419
1; 338.904; 59.0967
1; 338.2995; 59.0361
1; 337.6965; 58.9728
1; 336.9; 59.0786
1; 336.096; 59.1794
1; 335.2875; 59.2753
1; 334.641; 59.4206
1; 334.65; 59.7811
1; 334.662; 60.1414
1; 335.0625; 60.3875
1; 335.358; 60.7167
1; 335.6625; 61.0453
1; 336.1875; 61.2031
1; 336.504; 61.53
1; 337.041; 61.6844
1; 337.587; 61.8369
1; 337.9245; 62.1606
1; 338.2665; 62.4833
1; 338.7255; 62.7183
1; 339.192; 62.9517
1; 339.5535; 63.2714
1; 340.1415; 63.4142
1; 340.629; 63.6431
1; 341.121; 63.8703
1; 341.4165; 64.2739
1; 341.508; 64.6319
1; 341.712; 64.9006
1; 341.388; 65.1678
1; 341.058; 65.4342
1; 340.7205; 65.6997
1; 340.3785; 65.9647
1; 339.3795; 66.0856
1; 338.3745; 66.2
1; 337.6125; 66.1367
1; 336.6; 66.2406
1; 335.5785; 66.3381
1; 334.5495; 66.4292
1; 333.513; 66.5139
1; 332.4705; 66.5922
1; 331.8285; 66.7797
1; 330.771; 66.8475
1; 329.709; 66.9089
1; 328.8045; 66.885
1; 328.2165; 66.7008
1; 327.6375; 66.5147
1; 327.225; 66.2497
1; 327.1335; 65.83
1; 327.0465; 65.41
1; 326.958; 64.99
1; 326.871; 64.5697
1; 326.787; 64.1494
1; 326.2665; 63.9586
1; 325.458; 63.9178
1; 324.6495; 63.8731
1; 324; 63.7497
1; 323.046; 63.7708
1; 322.404; 63.6414
1; 321.7665; 63.5092
1; 321.291; 63.3031
1; 320.8245; 63.0953
1; 320.6715; 62.7447
1; 320.367; 62.465
1; 320.0715; 62.1844
1; 320.079; 61.7625
1; 319.788; 61.4814
1; 319.65; 61.1294
1; 319.371; 60.8475
1; 319.092; 60.565
1; 318.816; 60.2819
1; 318.5505; 59.9983
1; 318.2835; 59.7142
1; 318.0255; 59.4297
1; 317.766; 59.1447
1; 317.5125; 58.8592
1; 317.4045; 58.5053
1; 317.1585; 58.2192
1; 316.917; 57.9325
1; 316.812; 57.5778
1; 316.9755; 57.2286
1; 317.1285; 56.8789
1; 317.4045; 56.6014
1; 317.679; 56.3233
1; 317.8245; 55.9725
1; 318.087; 55.6933
1; 318.471; 55.4853
1; 318.6045; 55.1333
1; 318.6165; 54.7097
1; 318.867; 54.4289
1; 319.113; 54.1472
1; 319.116; 53.7233
1; 319.242; 53.3706
1; 319.125; 53.0167
1; 319.0125; 52.6631
1; 319.017; 52.3803
1; 318.9045; 52.0264
1; 318.6795; 51.7425
1; 318.5715; 51.3881
1; 318.237; 51.1731
1; 318.2505; 50.7489
1; 318.033; 50.4639
1; 318.0465; 50.0397
1; 317.7255; 49.8231
1; 317.388; 50.03
1; 317.046; 50.2356
1; 316.596; 50.3672
1; 316.1415; 50.4969
1; 315.7965; 50.6989
1; 315.441; 50.9
1; 315.087; 51.1
1; 314.7285; 51.2989
1; 314.5785; 51.6467
1; 314.3205; 51.9192
1; 314.391; 52.2764
1; 314.466; 52.6331
1; 314.904; 52.9328
1; 315.108; 53.2231
1; 315.063; 53.6458
1; 315.021; 54.0683
1; 314.9715; 54.4908
1; 314.925; 54.9131
1; 314.8755; 55.3353
1; 314.592; 55.6075
1; 314.5335; 56.0292
1; 314.475; 56.4508
1; 314.4165; 56.8722
1; 314.1165; 57.1428
1; 313.9335; 57.4881
1; 313.5045; 57.6814
1; 313.071; 57.8731
1; 312.633; 58.0633
1; 311.958; 58.0983
1; 311.5125; 58.2847
1; 310.833; 58.3142
1; 310.038; 58.2617
1; 309.5505; 58.0856
1; 308.763; 58.0261
1; 308.1915; 58.1225
1; 307.6215; 58.2164
1; 307.0455; 58.3078
1; 306.258; 58.235
1; 305.634; 58.1025
1; 305.013; 57.9675
1; 304.713; 57.7217
1; 304.416; 57.4753
1; 303.966; 57.2822
1; 303.5205; 57.0881
1; 303.234; 56.8394
1; 302.9535; 56.5906
1; 302.6745; 56.3411
1; 302.8545; 55.9339
1; 303.0285; 55.5258
1; 302.904; 55.2236
1; 302.7795; 54.9214
1; 302.5125; 54.6717
1; 302.538; 54.3161
1; 302.271; 54.0661
1; 302.0085; 53.8158
1; 302.034; 53.4603
1; 301.7745; 53.2094
1; 301.662; 52.9061
1; 301.5495; 52.6025
1; 301.296; 52.3508
1; 300.7665; 52.2022
1; 300.5205; 51.9494
1; 300.138; 51.7472
1; 299.7585; 51.5442
1; 299.3835; 51.3403
1; 299.013; 51.1356
1; 298.779; 50.8803
1; 298.5495; 50.6247
1; 298.3215; 50.3692
1; 298.0965; 50.1131
1; 297.6; 49.9542
1; 297.3795; 49.6972
1; 297.0255; 49.4881
1; 296.6715; 49.2783
1; 296.388; 48.9342
1; 296.175; 48.6758
1; 295.9665; 48.4172
1; 295.758; 48.1583
1; 295.287; 47.9928
1; 295.083; 47.7333
1; 294.879; 47.4736
1; 294.417; 47.3058
1; 294.2205; 47.0453
1; 293.763; 46.8758
1; 293.571; 46.6147
1; 293.3745; 46.3536
1; 293.184; 46.0922
1; 292.9965; 45.8306
1; 292.809; 45.5689
1; 292.6215; 45.3069
1; 292.434; 45.0447
1; 292.2495; 44.7825
1; 292.191; 44.4756
1; 292.134; 44.1686
1; 291.9495; 43.9061
1; 292.017; 43.5544
1; 291.837; 43.2919
1; 291.9045; 42.94
1; 291.7245; 42.6772
1; 291.546; 42.4144
1; 291.129; 42.2403
1; 290.9535; 41.9772
1; 290.7795; 41.7139
1; 290.604; 41.4503
1; 290.433; 41.1867
1; 290.262; 40.9231
1; 290.091; 40.6592
1; 289.6875; 40.4825
1; 289.284; 40.305
1; 289.0005; 40.0836
1; 288.7215; 39.8617
1; 288.441; 39.6397
1; 288.162; 39.4175
1; 287.766; 39.2369
1; 287.6085; 38.9717
1; 287.4495; 38.7067
1; 287.2965; 38.4414
1; 287.1375; 38.1758
1; 287.325; 37.7844
1; 287.5125; 37.3919
1; 287.6955; 36.9989
1; 287.6535; 36.6911
1; 287.721; 36.34
1; 287.787; 36
1; 305.496; 36
1; 324.267; 36.0528
1; 324.6165; 36.1761
1; 324.9705; 36.2981
1; 325.242; 36.4931
1; 325.5165; 36.6875
1; 325.9545; 36.7306
1; 326.2335; 36.9225
1; 326.508; 37.1136
1; 326.9505; 37.1517
1; 327.234; 37.3406
1; 327.516; 37.5283
1; 327.7995; 37.7153
1; 328.0875; 37.9014
1; 328.3755; 38.0864
1; 328.662; 38.2706
1; 328.7955; 38.61
1; 329.0085; 38.8708
1; 329.2245; 39.1314
1; 329.3625; 39.4697
1; 329.658; 39.6506
1; 329.8035; 39.9886
1; 330.1035; 40.1678
1; 330.333; 40.4256
1; 330.5625; 40.6828
1; 330.7125; 41.0194
1; 330.867; 41.3558
1; 331.179; 41.5314
1; 331.338; 41.8669
1; 331.5795; 42.1217
1; 331.821; 42.3756
1; 331.9875; 42.7103
1; 332.313; 42.8817
1; 332.484; 43.2156
1; 332.658; 43.5492
1; 332.754; 43.9642
1; 333.012; 44.2153
1; 333.192; 44.5478
1; 333.375; 44.8803
1; 333.7215; 45.0467
1; 334.071; 45.2119
1; 334.263; 45.5428
1; 334.617; 45.7058
1; 334.971; 45.8678
1; 335.3295; 46.0286
1; 335.688; 46.1878
1; 336.1245; 46.2611
1; 336.567; 46.3322
1; 337.158; 46.2306
1; 337.746; 46.1253
1; 338.334; 46.0164
1; 338.916; 45.9042
1; 339.288; 46.0497
1; 339.6585; 46.1939
1; 340.0995; 46.2492
1; 340.542; 46.3022
1; 340.9875; 46.3531
1; 341.433; 46.4019
1; 341.8125; 46.5375
1; 342.3255; 46.4933
1; 342.708; 46.6256
1; 343.221; 46.5764
1; 343.6665; 46.6147
1; 344.1165; 46.6511
1; 344.5035; 46.7758
1; 345.0165; 46.7172
1; 345.408; 46.8383
1; 345.7995; 46.9578
1; 346.191; 47.0756
1; 346.5915; 47.1917
1; 347.1; 47.1217
1; 347.613; 47.0489
1; 348.066; 47.0664
1; 348.5205; 47.0817
1; 349.0245; 47.0014
1; 349.4295; 47.1056
1; 349.9335; 47.0203
1; 350.4375; 46.9325
1; 350.8875; 46.9361
1; 351.4335; 46.7486
1; 351.933; 46.6528
1; 352.425; 46.5542
1; 352.962; 46.3578
1; 353.4045; 46.3494
1; 353.892; 46.2431
1; 354.3795; 46.1342
1; 354.8205; 46.1189
1; 355.263; 46.1014
1; 355.6665; 46.1783
1; 356.0715; 46.2533
1; 356.475; 46.3267
1; 356.8455; 46.4953
1; 357.2205; 46.6622
1; 357.633; 46.7303
1; 357.9795; 46.9914
1; 358.3965; 47.0561
1; 358.7505; 47.3144
1; 359.166; 47.3756
1; 359.529; 47.6308
1; 359.925; 47.7867
1; 360; 47.7867
1; 360; 65.0006
2; 111.3375; -1
2; 111.3375; -0.9947
2; 111.2916; -0.9072
2; 111.1542; -0.6442
2; 111.01665; -0.3808
2; 110.87505; -0.1175
2; 110.7375; 0.1456
2; 110.7792; 0.5017
2; 110.5959; 0.8531
2; 110.6334; 1.2089
2; 110.49585; 1.4725
2; 110.53755; 1.8281
2; 110.49165; 2.1378
2; 110.4417; 2.4475
2; 110.4834; 2.8028
2; 110.52495; 3.1581
2; 110.4792; 3.4672
2; 110.4333; 3.7767
2; 110.38755; 4.0858
2; 110.34165; 4.395
2; 110.2041; 4.6589
2; 110.0709; 4.9228
2; 109.93755; 5.1867
2; 109.8; 5.4506
2; 109.66665; 5.7147
2; 109.44165; 5.9336
2; 109.21665; 6.1528
2; 109.0833; 6.4172
2; 108.94995; 6.6817
2; 108.6333; 6.8561
2; 108.49995; 7.1208
2; 108.1833; 7.2958
2; 108.04995; 7.5608
2; 107.82495; 7.7808
2; 107.59995; 8.0011
2; 107.4666; 8.2661
2; 107.3334; 8.5314
2; 107.19585; 8.7969
2; 107.0625; 9.0622
2; 106.8375; 9.2828
2; 106.6125; 9.5036
2; 106.47915; 9.7692
2; 106.1625; 9.9456
2; 106.02495; 10.2114
2; 105.8916; 10.4772
2; 105.6666; 10.6983
2; 105.5292; 10.9642
2; 105.4875; 11.2747
2; 105.5334; 11.6297
2; 105.58335; 11.9844
2; 105.6333; 12.3392
2; 105.6792; 12.6936
2; 105.8208; 13.0919
2; 105.7791; 13.4019
2; 105.92505; 13.7997
2; 105.88335; 14.1094
2; 105.9333; 14.4631
2; 105.98745; 14.8161
2; 105.9459; 15.1256
2; 105.9042; 15.435
2; 105.95835; 15.7878
2; 106.0125; 16.1403
2; 105.975; 16.4494
2; 105.9375; 16.7583
2; 106.0875; 17.1533
2; 106.05; 17.4622
2; 106.2; 17.8564
2; 106.3542; 18.2503
2; 106.5084; 18.6436
2; 106.66665; 19.0361
2; 106.82085; 19.4281
2; 107.0667; 19.6425
2; 107.22915; 20.0333
2; 107.38755; 20.4236
2; 107.55; 20.8131
2; 107.71665; 21.2019
2; 107.8833; 21.59
2; 108.04995; 21.9772
2; 108.2166; 22.3639
2; 108.38745; 22.7497
2; 108.5625; 23.1347
2; 108.53745; 23.4394
2; 108.61245; 23.7836
2; 108.68745; 24.1275
2; 108.5625; 24.3922
2; 108.43755; 24.6569
2; 108.31245; 24.9219
2; 107.98335; 25.1081
2; 107.8584; 25.3731
2; 107.52915; 25.5592
2; 107.20005; 25.7456
2; 106.8666; 25.9317
2; 106.5375; 26.1178
2; 106.3041; 26.3436
2; 106.07505; 26.5694
2; 105.73755; 26.7553
2; 105.6084; 27.0211
2; 105.2709; 27.2072
2; 105.1416; 27.4731
2; 104.90835; 27.6992
2; 104.6709; 27.925
2; 104.53755; 28.1911
2; 104.4084; 28.4572
2; 104.27505; 28.7233
2; 104.1417; 28.9897
2; 104.00835; 29.2558
2; 103.875; 29.5219
2; 103.74165; 29.7883
2; 103.6041; 30.0544
2; 103.4709; 30.3208
2; 103.33755; 30.5872
2; 103.2; 30.8533
2; 103.06665; 31.1197
2; 102.8208; 31.3461
2; 102.57915; 31.5722
2; 102.4416; 31.8386
2; 102.3042; 32.105
2; 101.95005; 32.2908
2; 101.8083; 32.5572
2; 101.56245; 32.7831
2; 101.31255; 33.0089
2; 100.95; 33.1939
2; 100.59165; 33.3783
2; 100.33755; 33.6036
2; 99.8667; 33.7461
2; 99.6084; 33.9708
2; 99.13335; 34.1117
2; 98.6541; 34.2517
2; 98.22495; 34.3019
2; 97.85415; 34.4825
2; 97.60005; 34.925
2; 97.22505; 35.1047
2; 96.96255; 35.3269
2; 96.47505; 35.4619
2; 95.98335; 35.5958
2; 95.49165; 35.7283
2; 94.99995; 35.8597
2; 94.77915; 36
2; 74.7042; 36
2; 74.7792; 35.9786
2; 75.0042; 35.7419
2; 75.2292; 35.505
2; 75.4542; 35.2675
2; 75.675; 35.0294
2; 75.8958; 34.7908
2; 76.1166; 34.5519
2; 76.33335; 34.3128
2; 76.3584; 33.9533
2; 76.575; 33.7133
2; 76.78755; 33.4731
2; 76.99995; 33.2325
2; 77.2125; 32.9914
2; 77.42505; 32.7497
2; 77.53755; 32.4489
2; 77.65005; 32.1481
2; 77.8584; 31.9058
2; 78.06255; 31.6631
2; 78.17085; 31.3617
2; 78.27915; 31.06
2; 78.38745; 30.7583
2; 78.4959; 30.4567
2; 78.50835; 30.0969
2; 78.5208; 29.7375
2; 78.7167; 29.4933
2; 78.91665; 29.2492
2; 79.0209; 28.9469
2; 79.1208; 28.6447
2; 79.3167; 28.3997
2; 79.5084; 28.1542
2; 79.69995; 27.9083
2; 79.89165; 27.6622
2; 80.08335; 27.4156
2; 80.27505; 27.1689
2; 80.46255; 26.9217
2; 80.7417; 26.7303
2; 81.1458; 26.3722
2; 81.2709; 26.2067
2; 81.2709; 25.8469
2; 81.4542; 25.5981
2; 81.6375; 25.3489
2; 81.8166; 25.0994
2; 82.00005; 24.8497
2; 82.17915; 24.5997
2; 82.3584; 24.3494
2; 82.5375; 24.0989
2; 82.7166; 23.8481
2; 82.89165; 23.5967
2; 83.0709; 23.3453
2; 83.2458; 23.0936
2; 83.42085; 22.8417
2; 83.775; 22.6967
2; 83.7666; 22.3369
2; 83.6667; 21.9242
2; 83.44995; 21.6794
2; 83.23335; 21.4344
2; 82.96245; 21.2733
2; 82.8084; 20.9442
2; 82.59585; 20.6986
2; 82.3833; 20.4531
2; 82.22505; 20.1239
2; 82.07085; 19.7947
2; 81.80415; 19.6322
2; 81.53745; 19.4692
2; 81.2709; 19.3058
2; 81.1209; 18.9764
2; 80.8542; 18.8125
2; 80.7042; 18.4831
2; 80.49585; 18.2364
2; 80.2875; 17.9894
2; 80.19585; 17.5781
2; 80.1; 17.1667
2; 80.00835; 16.7558
2; 79.99995; 16.4
2; 80.1666; 16.1533
2; 80.3334; 15.9064
2; 80.50005; 15.6592
2; 80.6667; 15.4117
2; 80.82915; 15.1639
2; 81.17085; 15.0231
2; 81.3333; 14.7744
2; 81.4959; 14.5256
2; 81.8334; 14.3828
2; 81.99585; 14.1331
2; 82.32915; 13.9889
2; 82.66665; 13.8436
2; 82.82505; 13.5925
2; 82.9833; 13.3411
2; 83.3166; 13.1942
2; 83.475; 12.9419
2; 83.6334; 12.6897
2; 83.9667; 12.5408
2; 84.1209; 12.2878
2; 84.4542; 12.1375
2; 84.6084; 11.8836
2; 84.76245; 11.6297
2; 85.0041; 11.4267
2; 85.2459; 11.2231
2; 85.48755; 11.0192
2; 85.7292; 10.8144
2; 86.0583; 10.66
2; 86.2083; 10.4042
2; 86.4459; 10.1983
2; 86.68755; 9.9919
2; 86.83755; 9.7353
2; 86.98755; 9.4783
2; 87.31245; 9.3208
2; 87.46245; 9.0633
2; 87.7875; 8.9047
2; 88.11255; 8.7453
2; 88.3458; 8.5361
2; 88.5834; 8.3267
2; 88.9041; 8.1656
2; 89.05005; 7.9064
2; 89.37495; 7.7444
2; 89.5209; 7.4847
2; 89.75415; 7.2733
2; 89.98755; 7.0617
2; 90.2208; 6.8497
2; 90.4542; 6.6372
2; 90.5958; 6.3764
2; 90.91665; 6.2117
2; 91.15005; 5.9983
2; 91.3833; 5.7847
2; 91.6125; 5.5708
2; 91.8417; 5.3567
2; 92.0334; 5.0072
2; 92.3541; 4.84
2; 92.49585; 4.5775
2; 92.8125; 4.4094
2; 92.9541; 4.1467
2; 93.1833; 3.9311
2; 93.4125; 3.715
2; 93.5541; 3.4517
2; 93.69165; 3.1883
2; 93.8334; 2.925
2; 93.975; 2.6614
2; 94.11255; 2.3978
2; 94.25415; 2.1342
2; 94.5708; 1.9636
2; 94.70835; 1.6997
2; 94.67085; 1.3425
2; 94.7208; 1.0319
2; 94.59165; 0.6286
2; 94.37505; 0.4014
2; 94.2; 0.0861
2; 93.9333; -0.0528
2; 93.7584; -0.3675
2; 93.4959; -0.5067
2; 93.32085; -0.8211
2; 93.2334; -1
3; 324.1785; 36
3; 324.1785; 35.9867
3; 323.913; 35.7881
3; 323.646; 35.5886
3; 323.3835; 35.3886
3; 323.121; 35.1875
3; 322.863; 34.9858
3; 322.6035; 34.7831
3; 322.3455; 34.5797
3; 322.0875; 34.3756
3; 321.837; 34.1708
3; 321.5835; 33.965
3; 321.333; 33.7586
3; 321.084; 33.5517
3; 320.8335; 33.3439
3; 320.5875; 33.1353
3; 320.4285; 32.8561
3; 320.271; 32.5764
3; 320.196; 32.2269
3; 320.1255; 31.8778
3; 319.887; 31.6669
3; 319.8165; 31.3175
3; 319.584; 31.1061
3; 319.3455; 30.8939
3; 319.113; 30.6811
3; 318.879; 30.4678
3; 318.4785; 30.3897
3; 318.2505; 30.1744
3; 317.85; 30.0936
3; 317.625; 29.8767
3; 317.571; 29.5253
3; 317.346; 29.3078
3; 317.121; 29.0894
3; 316.9005; 28.8706
3; 316.6785; 28.6514
3; 316.629; 28.2994
3; 316.413; 28.0794
3; 316.191; 27.8586
3; 315.9795; 27.6375
3; 315.762; 27.4158
3; 315.5505; 27.1933
3; 315.3375; 26.9706
3; 315.1245; 26.7469
3; 314.913; 26.5231
3; 314.7045; 26.2986
3; 314.496; 26.0736
3; 314.2875; 25.8481
3; 314.0835; 25.6222
3; 313.8795; 25.3956
3; 313.6755; 25.1686
3; 313.4715; 24.9411
3; 313.4415; 24.5878
3; 313.242; 24.3597
3; 313.041; 24.1314
3; 312.8415; 23.9022
3; 312.6465; 23.6728
3; 312.534; 23.3811
3; 312.4245; 23.0894
3; 312.2295; 22.8589
3; 312.0375; 22.6281
3; 312.0165; 22.2747
3; 311.8245; 22.0433
3; 311.634; 21.8117
3; 311.442; 21.5792
3; 311.2545; 21.3467
3; 311.238; 20.9933
3; 311.0505; 20.76
3; 310.863; 20.5264
3; 310.6785; 20.2925
3; 310.491; 20.0581
3; 310.3965; 19.7642
3; 310.3005; 19.47
3; 310.116; 19.2347
3; 309.933; 18.9992
3; 309.7545; 18.7631
3; 309.5745; 18.5267
3; 309.396; 18.2897
3; 309.1335; 18.1106
3; 308.871; 17.9306
3; 308.5215; 17.8072
3; 308.175; 17.6825
3; 307.9995; 17.4428
3; 307.6545; 17.3164
3; 307.6545; 16.9622
3; 307.479; 16.7217
3; 307.308; 16.4806
3; 307.308; 16.1267
3; 307.137; 15.8853
3; 307.0545; 15.5875
3; 306.9705; 15.29
3; 306.891; 14.9922
3; 306.8085; 14.6944
3; 306.588; 14.3711
3; 306.591; 14.0181
3; 306.429; 13.7753
3; 306.2625; 13.5322
3; 306.1005; 13.2886
3; 305.937; 13.045
3; 305.775; 12.8008
3; 305.613; 12.5564
3; 305.2785; 12.42
3; 305.1165; 12.1747
3; 304.7835; 12.0364
3; 304.4535; 11.8972
3; 304.209; 11.7036
3; 303.963; 11.5097
3; 303.804; 11.2619
3; 303.6465; 11.0142
3; 303.492; 10.7661
3; 303.333; 10.5178
3; 303.1785; 10.2692
3; 303.0255; 10.0203
3; 302.871; 9.7711
3; 302.541; 9.6253
3; 302.388; 9.3756
3; 302.0625; 9.2283
3; 301.8255; 9.0292
3; 301.413; 8.9317
3; 301.1715; 8.7311
3; 300.933; 8.53
3; 300.696; 8.3283
3; 300.459; 8.1261
3; 300.309; 7.8731
3; 300.159; 7.6197
3; 300.012; 7.3661
3; 299.688; 7.2125
3; 299.2785; 7.1081
3; 298.866; 7.0028
3; 298.5465; 6.8467
3; 298.2255; 6.6897
3; 298.0785; 6.4336
3; 297.933; 6.1772
3; 297.7875; 5.9208
3; 297.642; 5.6642
3; 297.321; 5.505
3; 297.1755; 5.2478
3; 296.946; 5.0389
3; 296.712; 4.8297
3; 296.571; 4.5717
3; 296.4255; 4.3136
3; 296.109; 4.1517
3; 295.9665; 3.8931
3; 295.8255; 3.6342
3; 295.683; 3.3753
3; 295.362; 3.2117
3; 295.221; 2.9522
3; 295.083; 2.6928
3; 294.942; 2.4328
3; 294.6255; 2.2678
3; 294.483; 2.0078
3; 294.3465; 1.7472
3; 294.204; 1.4869
3; 294.066; 1.2261
3; 293.925; 0.9656
3; 293.787; 0.7044
3; 293.6505; 0.4436
3; 293.5125; 0.1822
3; 293.463; -0.1253
3; 293.412; -0.4333
3; 293.2755; -0.6947
3; 293.1375; -0.9561
3; 293.1375; -1
3; 278.3415; -1.0128
3; 279.246; -0.3572
3; 279.75; 0.3944
3; 280.608; 0.9628
3; 281.2875; 1.6236
3; 282.2295; 1.9233
3; 283.1205; 1.6867
3; 284.109; 1.8506
3; 284.259; 2.7875
3; 284.229; 3.8167
3; 284.646; 4.6153
3; 285.063; 5.4133
3; 285.6585; 6.1186
3; 286.0785; 6.9161
3; 286.6785; 7.62
3; 287.1915; 8.37
3; 287.709; 9.1189
3; 288.1335; 9.9142
3; 288.567; 10.7086
3; 288.996; 11.5025
3; 289.791; 12.1061
3; 290.3205; 12.85
3; 290.5785; 13.7364
3; 290.934; 14.5744
3; 291.384; 15.3639
3; 291.4665; 16.3453
3; 291.279; 17.4708
3; 291.459; 18.4042
3; 291.9165; 19.1925
3; 292.7505; 19.7847
3; 293.2215; 20.57
3; 294.066; 21.1561
3; 294.8415; 22.0114
3; 295.329; 22.7903
3; 296.0085; 23.4667
3; 296.508; 24.2419
3; 297.204; 24.9128
3; 298.0965; 25.4764
3; 299.3745; 25.8233
3; 300.2955; 26.0119
3; 300.7755; 26.6864
3; 300.75; 27.7672
3; 301.113; 28.6322
3; 301.479; 29.4961
3; 302.046; 30.2494
3; 302.6205; 30.9997
3; 303.2085; 31.7475
3; 303.804; 32.4922
3; 304.413; 33.2336
3; 305.0295; 33.9719
3; 305.259; 34.9381
3; 305.496; 35.9039
3; 305.496; 36
3; 324.267; 36.0528
4; 287.787; 36
4; 287.787; 35.9886
4; 287.5125; 35.9864
4; 287.0835; 35.7183
4; 286.7085; 35.5378
4; 286.3335; 35.3569
4; 286.179; 35.0911
4; 286.029; 34.8256
4; 285.879; 34.5597
4; 285.729; 34.2939
4; 285.471; 34.07
4; 285.216; 33.8458
4; 285.066; 33.5797
4; 284.9205; 33.3139
4; 284.775; 33.0478
4; 284.6295; 32.7817
4; 284.484; 32.5156
4; 284.4495; 32.2075
4; 284.412; 31.8997
4; 284.5875; 31.5078
4; 284.7585; 31.115
4; 284.934; 30.7217
4; 285.1005; 30.3278
4; 285.0585; 30.0189
4; 285.225; 29.6242
4; 285.183; 29.315
4; 285.141; 29.0058
4; 285.1005; 28.6967
4; 285.0585; 28.3875
4; 284.709; 28.2078
4; 284.562; 27.9417
4; 284.421; 27.6756
4; 284.2755; 27.4094
4; 284.133; 27.1431
4; 283.992; 26.8769
4; 283.6455; 26.6967
4; 283.5045; 26.4303
4; 283.3665; 26.1639
4; 283.125; 25.9406
4; 282.8835; 25.7169
4; 282.7005; 25.3617
4; 282.3585; 25.1806
4; 282.021; 24.9992
4; 281.883; 24.7328
4; 281.7465; 24.4664
4; 281.412; 24.2847
4; 281.2755; 24.0186
4; 281.142; 23.7522
4; 281.004; 23.4858
4; 280.866; 23.2197
4; 280.833; 22.9111
4; 280.7955; 22.6025
4; 280.659; 22.3361
4; 280.5255; 22.07
4; 280.392; 21.8036
4; 280.254; 21.5375
4; 280.1205; 21.2714
4; 279.987; 21.0053
4; 279.8535; 20.7392
4; 279.7215; 20.4731
4; 279.588; 20.2069
4; 279.4545; 19.9408
4; 279.321; 19.6747
4; 279.1875; 19.4089
4; 279.054; 19.1428
4; 278.9205; 18.8769
4; 278.883; 18.5683
4; 279.033; 18.1739
4; 279.1875; 17.7786
4; 279.3375; 17.3831
4; 279.3915; 17.0306
4; 279.4455; 16.6775
4; 279.4035; 16.3681
4; 279.5535; 15.9711
4; 279.696; 15.5736
4; 279.6585; 15.2636
4; 279.708; 14.9097
4; 279.5715; 14.6436
4; 279.6255; 14.2894
4; 279.675; 13.935
4; 279.537; 13.6689
4; 279.1245; 13.5356
4; 278.7585; 13.7119
4; 278.433; 13.755
4; 278.025; 13.6211
4; 277.6125; 13.4869
4; 277.3875; 13.2653
4; 277.1625; 13.0436
4; 276.846; 12.8658
4; 276.5295; 12.6883
4; 276.2085; 12.7311
4; 275.8005; 12.5972
4; 275.391; 12.4633
4; 274.9875; 12.3297
4; 274.854; 12.0656
4; 274.542; 11.8886
4; 274.4085; 11.6247
4; 274.2795; 11.3608
4; 274.1505; 11.0972
4; 274.017; 10.8336
4; 273.888; 10.57
4; 273.7545; 10.3064
4; 273.6255; 10.0431
4; 273.4965; 9.7797
4; 273.1785; 9.6047
4; 273.0495; 9.3419
4; 272.7375; 9.1672
4; 272.604; 8.9047
4; 272.292; 8.7308
4; 272.163; 8.4683
4; 271.941; 8.2506
4; 271.7205; 8.0331
4; 271.4085; 7.8603
4; 271.275; 7.5989
4; 270.963; 7.4267
4; 270.834; 7.1656
4; 270.612; 6.9492
4; 270.387; 6.7333
4; 269.988; 6.6072
4; 269.766; 6.3919
4; 269.367; 6.2669
4; 269.142; 6.0525
4; 268.7415; 5.9286
4; 268.521; 5.7147
4; 268.212; 5.5467
4; 267.9; 5.3792
4; 267.7665; 5.1211
4; 267.633; 4.8633
4; 267.504; 4.6058
4; 267.3705; 4.3483
4; 267.237; 4.0908
4; 267.1035; 3.8336
4; 266.9715; 3.5767
4; 266.838; 3.3197
4; 266.7045; 3.0631
4; 266.658; 2.7603
4; 266.613; 2.4572
4; 266.742; 2.0608
4; 266.871; 1.6639
4; 267.0915; 1.4378
4; 267.2625; 1.1258
4; 267.5295; 0.985
4; 267.7035; 0.6722
4; 267.8745; 0.3594
4; 268.0035; 0.0397
4; 268.221; -0.2675
4; 268.392; -0.5817
4; 268.659; -0.7233
4; 268.9215; -0.865
4; 269.5455; -0.9756
4; 269.409; -1.0147
4; 269.808; -1.1169
4; 270.075; -1.2583
4; 270.3375; -1.4
4; 270.6045; -1.5414
4; 270.9585; -1.5086
4; 271.317; -1.4756
4; 271.584; -1.6167
4; 271.8465; -1.7578
4; 272.2035; -1.7239
4; 272.562; -1.6897
4; 272.967; -1.5675
4; 273.279; -1.62
4; 273.684; -1.4969
4; 274.0875; -1.3733
4; 274.491; -1.2494
4; 274.809; -1.0783
4; 274.9455; -0.8144
4; 275.088; -0.55
4; 275.2245; -0.2858
4; 275.184; 0.0708
4; 275.325; 0.3353
4; 275.463; 0.5997
4; 275.5995; 0.8642
4; 275.913; 1.0367
4; 276.2295; 1.2092
4; 276.633; 1.3361
4; 277.038; 1.4633
4; 277.35; 1.6367
4; 277.6665; 1.81
4; 278.0715; 1.9378
4; 278.3835; 1.8886
4; 278.787; 2.0167
4; 279.1005; 1.9675
4; 279.504; 2.0958
4; 279.816; 2.0467
4; 280.221; 2.1753
4; 280.6245; 2.3036
4; 280.8495; 2.5239
4; 281.079; 2.7442
4; 281.217; 3.0106
4; 281.3535; 3.2769
4; 281.4915; 3.5431
4; 281.6295; 3.8094
4; 281.766; 4.0758
4; 281.7285; 4.4339
4; 281.688; 4.7919
4; 281.8245; 5.0583
4; 281.9625; 5.3247
4; 282.012; 5.6367
4; 282.0585; 5.9489
4; 282.021; 6.3069
4; 282.246; 6.5275
4; 282.4755; 6.7481
4; 282.879; 6.8769
4; 283.1955; 6.8281
4; 283.509; 6.7789
4; 283.917; 6.9072
4; 284.325; 7.0353
4; 284.5545; 7.2553
4; 284.871; 7.4292
4; 285.192; 7.6028
4; 285.3285; 7.8689
4; 285.6495; 8.0422
4; 285.879; 8.2617
4; 286.1085; 8.4811
4; 286.4295; 8.6539
4; 286.5705; 8.9194
4; 286.8915; 9.0919
4; 287.2125; 9.2642
4; 287.4465; 9.4828
4; 287.6745; 9.7011
4; 287.817; 9.9664
4; 287.9625; 10.2314
4; 288.1035; 10.4964
4; 288.066; 10.855
4; 288.213; 11.12
4; 288.354; 11.385
4; 288.3165; 11.7436
4; 288.3705; 12.0556
4; 288.246; 12.4611
4; 288.3; 12.7731
4; 288.354; 13.085
4; 288.6795; 13.2556
4; 288.825; 13.5203
4; 289.1505; 13.6903
4; 289.3875; 13.9075
4; 289.6245; 14.1242
4; 289.7715; 14.3883
4; 289.9215; 14.6525
4; 290.067; 14.9164
4; 289.941; 15.3228
4; 289.8165; 15.7294
4; 289.8705; 16.0408
4; 289.746; 16.4472
4; 289.617; 16.8536
4; 289.491; 17.2597
4; 289.263; 17.4894
4; 289.317; 17.8008
4; 289.284; 18.1597
4; 289.2465; 18.5183
4; 289.3005; 18.8297
4; 289.359; 19.1411
4; 289.3215; 19.4997
4; 289.284; 19.8581
4; 289.242; 20.2167
4; 289.488; 20.4339
4; 289.8705; 20.4683
4; 290.154; 20.3261
4; 290.484; 20.2714
4; 290.817; 20.2161
4; 291.2505; 20.3358
4; 291.684; 20.4544
4; 292.1205; 20.5719
4; 292.371; 20.7858
4; 292.617; 20.9992
4; 293.0535; 21.1144
4; 293.496; 21.2289
4; 293.841; 21.3914
4; 294.1875; 21.5533
4; 294.4545; 21.9872
4; 294.612; 22.2475
4; 294.7755; 22.5075
4; 294.9375; 22.7675
4; 295.0995; 23.0272
4; 295.266; 23.2869
4; 295.4295; 23.5464
4; 295.596; 23.8056
4; 295.758; 24.0647
4; 295.9245; 24.3236
4; 296.091; 24.5822
4; 296.259; 24.8408
4; 296.238; 25.2008
4; 296.409; 25.4592
4; 296.766; 25.615
4; 297.129; 25.7703
4; 297.396; 25.9761
4; 297.663; 26.1814
4; 297.933; 26.3861
4; 298.392; 26.4861
4; 298.662; 26.6894
4; 299.1255; 26.7869
4; 299.304; 27.0417
4; 299.4795; 27.2964
4; 299.658; 27.5506
4; 299.841; 27.8044
4; 300.021; 28.0583
4; 300.204; 28.3119
4; 300.192; 28.6722
4; 300.375; 28.9256
4; 300.6585; 29.1247
4; 300.9375; 29.3233
4; 301.125; 29.5753
4; 301.3125; 29.8272
4; 301.5; 30.0789
4; 301.692; 30.33
4; 301.884; 30.5811
4; 302.0745; 30.8319
4; 302.2665; 31.0822
4; 302.4585; 31.3322
4; 302.4585; 31.6928
4; 302.6535; 31.9425
4; 302.85; 32.1922
4; 303.0465; 32.4414
4; 303.441; 32.5781
4; 303.642; 32.8261
4; 303.846; 33.0742
4; 304.0455; 33.3217
4; 304.2495; 33.5686
4; 304.4535; 33.8156
4; 304.4625; 34.1758
4; 304.5705; 34.4794
4; 304.6785; 34.7828
4; 304.887; 35.0286
4; 304.9005; 35.3892
4; 305.109; 35.6347
4; 305.3205; 35.88
4; 305.496; 36
4; 287.787; 36
5; 276.9375; -1.97
5; 276.891; -2.0583
5; 276.5745; -2.2308
5; 276.258; -2.4028
5; 275.9415; -2.5744
5; 275.7165; -2.7928
5; 275.487; -3.0106
5; 275.0835; -3.135
5; 274.854; -3.3522
5; 274.5375; -3.5228
5; 274.221; -3.6928
5; 273.909; -3.6397
5; 273.546; -3.6744
5; 273.3705; -3.5803
5; 272.916; -3.7894
5; 272.5125; -3.9106
5; 272.196; -4.0783
5; 272.0535; -4.3406
5; 271.9125; -4.6025
5; 271.767; -4.8644
5; 271.6245; -5.1264
5; 271.5705; -5.4358
5; 271.5165; -5.7453
5; 271.3755; -6.0069
5; 271.0545; -6.1725
5; 270.7335; -6.3375
5; 270.4995; -6.5503
5; 270.0915; -6.6661
5; 269.7705; -6.8297
5; 269.4495; -6.9925
5; 269.1285; -7.155
5; 268.983; -7.4142
5; 268.659; -7.5758
5; 268.512; -7.8344
5; 268.3665; -8.0931
5; 268.041; -8.2533
5; 267.8085; -8.4619
5; 267.5715; -8.6703
5; 267.258; -8.6078
5; 266.8455; -8.7158
5; 266.433; -8.8228
5; 266.0205; -8.9289
5; 265.6965; -9.0842
5; 265.371; -9.2386
5; 265.221; -9.4933
5; 265.071; -9.7481
5; 264.9165; -10.0022
5; 264.7665; -10.2564
5; 264.612; -10.5103
5; 264.2835; -10.6619
5; 263.9715; -10.5925
5; 263.5545; -10.6911
5; 263.1375; -10.7883
5; 262.896; -10.9881
5; 262.566; -11.135
5; 262.2375; -11.2814
5; 261.8205; -11.3744
5; 261.4035; -11.4661
5; 260.9835; -11.5564
5; 260.5665; -11.6453
5; 260.1495; -11.7328
5; 259.9035; -11.9258
5; 259.5705; -12.0647
5; 259.413; -12.3103
5; 259.1625; -12.5017
5; 258.9165; -12.6922
5; 258.666; -12.8822
5; 258.4215; -13.0717
5; 258.171; -13.2603
5; 257.9205; -13.4483
5; 257.754; -13.6908
5; 257.4165; -13.8225
5; 257.2545; -14.0639
5; 256.9125; -14.1936
5; 256.746; -14.4342
5; 256.4085; -14.5622
5; 256.242; -14.8017
5; 255.9; -14.9278
5; 255.729; -15.1664
5; 255.387; -15.2906
5; 255.1335; -15.4706
5; 254.8755; -15.65
5; 254.5335; -15.7711
5; 254.187; -15.8908
5; 253.929; -16.0678
5; 253.671; -16.2436
5; 253.3245; -16.36
5; 252.984; -16.4753
5; 252.7215; -16.6483
5; 252.291; -16.7017
5; 251.862; -16.7533
5; 251.4285; -16.8031
5; 251.0835; -16.9111
5; 250.737; -17.0178
5; 250.308; -17.0622
5; 250.041; -17.2269
5; 249.612; -17.2681
5; 249.3465; -17.4303
5; 248.9955; -17.53
5; 248.7495; -17.8267
5; 248.5665; -18.0483
5; 248.379; -18.2697
5; 248.1915; -18.4908
5; 248.166; -18.8372
5; 247.9785; -19.0575
5; 247.788; -19.2775
5; 247.4955; -19.2964
5; 247.125; -19.2508
5; 246.816; -19.1314
5; 246.588; -19.0753
5; 246.216; -19.0264
5; 245.784; -19.0472
5; 245.3505; -19.0661
5; 245.0745; -19.2133
5; 244.7205; -19.2942
5; 244.5255; -19.505
5; 244.329; -19.7156
5; 244.134; -19.9253
5; 243.933; -20.1344
5; 243.7335; -20.3433
5; 243.534; -20.5514
5; 243.333; -20.7589
5; 243.1335; -20.9658
5; 242.9295; -21.1722
5; 242.7255; -21.3778
5; 242.5215; -21.5831
5; 242.313; -21.7875
5; 242.109; -21.9914
5; 241.9005; -22.1947
5; 241.692; -22.3975
5; 241.638; -22.7381
5; 241.425; -22.94
5; 241.212; -23.1414
5; 241.1535; -23.4819
5; 240.942; -23.6822
5; 240.879; -24.0228
5; 240.663; -24.2222
5; 240.525; -24.4919
5; 240.384; -24.7614
5; 240.3165; -25.1017
5; 240.2505; -25.4422
5; 240.1035; -25.7114
5; 240.1125; -26.1233
5; 240.117; -26.5358
5; 240.1995; -26.8831
5; 240.2835; -27.2303
5; 240.363; -27.5778
5; 240.4455; -27.9256
5; 240.6045; -28.2072
5; 240.762; -28.4892
5; 240.7665; -28.9039
5; 240.9285; -29.1861
5; 240.9285; -29.6017
5; 241.092; -29.8839
5; 241.092; -30.3003
5; 241.092; -30.7167
5; 241.1715; -31.0664
5; 241.254; -31.4167
5; 241.416; -31.6997
5; 241.5795; -31.9828
5; 241.662; -32.3333
5; 241.908; -32.5489
5; 242.1585; -32.7639
5; 242.241; -33.1144
5; 242.4915; -33.3292
5; 242.742; -33.5431
5; 242.829; -33.8939
5; 243.084; -34.1075
5; 243.3375; -34.3203
5; 243.5955; -34.5328
5; 243.8535; -34.7447
5; 244.2795; -34.8161
5; 244.7085; -34.8858
5; 245.0535; -35.0244
5; 245.571; -35.0194
5; 245.916; -35.155
5; 246.267; -35.2894
5; 246.537; -35.495
5; 246.6255; -35.5633
5; 249.7455; -35.5858
5; 249.8295; -35.5111
5; 250.158; -35.3511
5; 250.491; -35.1903
5; 250.821; -35.0283
5; 251.334; -34.9939
5; 251.7705; -35.0333
5; 251.9745; -35.3014
5; 252.0255; -35.7225
5; 251.946; -35.7992
5; 257.367; -35.6881
5; 257.3415; -35.5483
5; 257.4165; -35.4678
5; 257.9295; -35.4022
5; 258.246; -35.2178
5; 258.6585; -35.0908
5; 258.867; -34.8464
5; 259.0785; -34.6017
5; 259.287; -34.3567
5; 259.4955; -34.1114
5; 259.704; -33.8656
5; 259.9125; -33.6194
5; 260.1165; -33.3728
5; 260.3205; -33.1258
5; 260.4255; -32.8219
5; 260.5245; -32.5181
5; 260.8245; -32.3269
5; 264.021; -31.4794
5; 263.9835; -31.3414
5; 263.8785; -30.9269
5; 263.967; -30.6203
5; 263.958; -30.2597
5; 263.9505; -29.8994
5; 264.075; -29.7308
5; 262.413; -26.2867
5; 262.3545; -26.37
5; 262.1715; -26.6206
5; 261.7995; -26.7603
5; 261.459; -26.6772
5; 261.396; -26.4006
5; 261.3915; -26.0408
5; 261.579; -25.7917
5; 261.762; -25.5422
5; 261.759; -25.1828
5; 261.846; -24.8781
5; 261.7545; -24.4636
5; 261.813; -24.3803
5; 277.1535; -11.0058
5; 277.062; -10.9592
5; 276.792; -10.8189
5; 276.525; -10.6783
5; 276.3495; -10.3611
5; 276.1755; -10.0436
5; 276.138; -9.685
5; 276.3705; -9.4669
5; 276.783; -9.3425
5; 277.059; -9.2592
5; 276.9375; -1.97
6; 246.6255; -35.5633
6; 246.717; -35.6317
6; 246.8205; -35.9808
6; 246.9255; -36.3303
6; 247.029; -36.6797
6; 247.137; -37.0292
6; 247.158; -37.4514
6; 247.179; -37.8736
6; 247.2; -38.2961
6; 247.0335; -38.5822
6; 247.0545; -39.0047
6; 246.9795; -39.3592
6; 246.9; -39.7136
6; 246.825; -40.0681
6; 246.7455; -40.4225
6; 246.5715; -40.7078
6; 246.3915; -40.9931
6; 246.117; -41.2086
6; 246.033; -41.5625
6; 245.754; -41.7769
6; 245.283; -41.8506
6; 244.809; -41.9217
6; 244.5255; -42.1328
6; 244.2375; -42.3431
6; 243.9495; -42.5525
6; 243.5625; -42.8306
6; 243.363; -43.11
6; 243.162; -43.3892
6; 243.15; -43.8125
6; 243.138; -44.2358
6; 243.1245; -44.6594
6; 242.9205; -44.9383
6; 242.8035; -45.2892
6; 242.691; -45.6403
6; 242.4795; -45.9181
6; 242.259; -46.1956
6; 242.238; -46.6192
6; 242.016; -46.8961
6; 241.8915; -47.2464
6; 241.767; -47.5964
6; 241.5375; -47.8722
6; 241.308; -48.1478
6; 241.0755; -48.4231
6; 240.837; -48.6975
6; 240.7005; -49.0464
6; 240.5625; -49.395
6; 240.5205; -49.8183
6; 240.483; -50.2417
6; 240.441; -50.665
6; 240.4005; -51.0886
6; 240.2505; -51.4369
6; 240.1005; -51.785
6; 239.838; -52.0575
6; 239.5755; -52.3292
6; 239.2005; -52.5244
6; 238.716; -52.6422
6; 238.233; -52.7578
6; 237.8505; -52.9486
6; 237.462; -53.1383
6; 237.0705; -53.3267
6; 236.679; -53.5139
6; 236.283; -53.6994
6; 236.091; -54.0419
6; 235.896; -54.3839
6; 235.488; -54.5672
6; 235.284; -54.9081
6; 234.867; -55.0892
6; 234.4455; -55.2689
6; 234.2295; -55.6081
6; 233.8005; -55.7856
6; 233.367; -55.9614
6; 232.9335; -56.1358
6; 232.596; -56.3906
6; 232.2495; -56.6444
6; 231.9045; -56.8972
6; 231.5535; -57.1492
6; 231.096; -57.3169
6; 230.634; -57.4833
6; 230.163; -57.6478
6; 229.5915; -57.7264
6; 229.017; -57.8022
6; 228.3375; -57.7906
6; 227.859; -57.9467
6; 227.3715; -58.1008
6; 226.884; -58.2531
6; 226.3875; -58.4033
6; 225.984; -58.6389
6; 225.4785; -58.7858
6; 225; -58.8431
6; 225; -69.9306
6; 225.909; -69.8239
6; 226.791; -69.7608
6; 227.5215; -69.6083
6; 228.237; -69.4531
6; 229.0995; -69.3794
6; 229.9545; -69.3019
6; 230.9625; -69.3031
6; 231.9705; -69.2986
6; 233.142; -69.3697
6; 234.3255; -69.4333
6; 235.509; -69.4894
6; 236.337; -69.3836
6; 237.525; -69.4272
6; 238.716; -69.4633
6; 239.9085; -69.4922
6; 240.7125; -69.3675
6; 241.704; -69.3119
6; 242.691; -69.2511
6; 243.471; -69.1153
6; 244.242; -68.9764
6; 244.8; -68.7658
6; 245.3505; -68.5536
6; 246.291; -68.475
6; 246.8205; -68.2586
6; 247.341; -68.0408
6; 247.854; -67.8217
6; 248.358; -67.6014
6; 248.85; -67.3797
6; 249.3375; -67.1567
6; 249.813; -66.9325
6; 249.891; -66.5803
6; 250.359; -66.3547
6; 250.812; -66.1281
6; 251.262; -65.9003
6; 251.7; -65.6714
6; 252.138; -65.4414
6; 252.5625; -65.2106
6; 252.984; -64.9786
6; 253.0245; -64.6253
6; 253.434; -64.3922
6; 253.833; -64.1586
6; 253.866; -63.8047
6; 254.388; -63.4917
6; 254.4165; -63.1378
6; 254.6205; -62.8428
6; 254.8215; -62.5475
6; 255.0165; -62.2519
6; 255.213; -61.9561
6; 255.5745; -61.7186
6; 255.591; -61.3639
6; 255.9465; -61.1256
6; 256.296; -60.8864
6; 256.7535; -60.5664
6; 256.929; -60.2689
6; 256.7715; -59.8564
6; 256.941; -59.5586
6; 257.112; -59.2606
6; 257.2785; -58.9619
6; 257.442; -58.6636
6; 257.604; -58.3647
6; 257.766; -58.0658
6; 257.7705; -57.71
6; 257.775; -57.3539
6; 257.6295; -56.9408
6; 257.487; -56.5272
6; 257.3505; -56.1133
6; 257.217; -55.6989
6; 257.088; -55.2839
6; 257.2455; -54.9847
6; 257.121; -54.5694
6; 256.9995; -54.1536
6; 257.292; -53.9125
6; 257.583; -53.6708
6; 258.1455; -53.5431
6; 258.567; -53.3567
6; 258.7995; -53.3319
6; 255.0165; -44.8606
6; 254.817; -44.8781
6; 254.3955; -44.7717
6; 254.3505; -44.4908
6; 254.9415; -44.4397
6; 255.309; -44.2639
6; 255.5625; -44.0264
6; 255.7035; -43.7275
6; 255.846; -43.4283
6; 256.0965; -43.1894
6; 256.125; -42.8297
6; 255.8835; -42.5686
6; 255.558; -42.3864
6; 255.4035; -42.045
6; 255.1665; -41.7825
6; 255.1995; -41.4228
6; 255.234; -41.0633
6; 255.4755; -40.8258
6; 255.5085; -40.4658
6; 255.7455; -40.2278
6; 255.987; -39.9892
6; 255.912; -39.5689
6; 255.837; -39.1483
6; 256.071; -38.9097
6; 256.458; -39.0106
6; 256.767; -39.1903
6; 257.079; -39.3694
6; 257.466; -39.4669
6; 258.066; -36.1006
6; 257.967; -36.0417
6; 257.667; -35.8653
6; 257.367; -35.6881
6; 251.946; -35.7992
6; 251.616; -35.965
6; 251.283; -36.1294
6; 251.046; -36.3575
6; 250.8045; -36.585
6; 250.2795; -36.6164
6; 249.7545; -36.645
6; 249.4755; -36.4475
6; 249.45; -36.1661
6; 249.5085; -35.8103
6; 249.7455; -35.5858
6; 246.6255; -35.5633
7; 258.7995; -53.3319
7; 258.891; -53.2503
7; 259.446; -53.1178
7; 260.133; -53.0381
7; 260.8215; -52.955
7; 261.504; -52.8689
7; 261.9045; -52.6728
7; 262.584; -52.5814
7; 263.2545; -52.4867
7; 263.925; -52.3889
7; 264.5955; -52.2881
7; 265.2585; -52.1842
7; 265.9215; -52.0772
7; 266.292; -51.8703
7; 266.667; -51.6625
7; 267.1755; -51.5019
7; 267.6795; -51.3397
7; 267.9; -51.0817
7; 268.1205; -50.8236
7; 268.617; -50.6586
7; 269.109; -50.4919
7; 269.4585; -50.2783
7; 269.8035; -50.0639
7; 270.288; -49.8942
7; 270.4875; -49.6333
7; 270.6915; -49.3725
7; 271.1625; -49.2003
7; 271.359; -48.9389
7; 271.554; -48.6772
7; 271.7505; -48.4156
7; 271.941; -48.1533
7; 272.4; -47.9783
7; 272.5875; -47.7158
7; 273.042; -47.5392
7; 273.225; -47.2761
7; 273.675; -47.0981
7; 273.8535; -46.8347
7; 274.0335; -46.5711
7; 274.4745; -46.3914
7; 274.65; -46.1272
7; 275.0835; -45.9461
7; 275.388; -45.7231
7; 275.688; -45.4994
7; 276.246; -45.3567
7; 276.7995; -45.2119
7; 277.092; -44.9864
7; 277.383; -44.7606
7; 277.6755; -44.5344
7; 277.959; -44.3081
7; 278.3745; -44.1203
7; 278.784; -43.9317
7; 279.066; -43.7042
7; 279.3465; -43.4761
7; 279.75; -43.2858
7; 279.9; -43.0197
7; 280.1715; -42.7914
7; 280.446; -42.5628
7; 280.5915; -42.2964
7; 280.734; -42.0303
7; 280.8795; -41.7639
7; 281.271; -41.5719
7; 281.412; -41.3058
7; 281.5545; -41.0394
7; 281.937; -40.8469
7; 282.0795; -40.5806
7; 282.3375; -40.3508
7; 282.6; -40.1211
7; 282.8535; -39.8914
7; 283.113; -39.6614
7; 283.488; -39.4675
7; 283.6215; -39.2011
7; 283.9965; -39.0067
7; 284.1255; -38.7406
7; 284.496; -38.5458
7; 284.862; -38.3508
7; 285.108; -38.12
7; 285.354; -37.8894
7; 285.7215; -37.6936
7; 286.0785; -37.4978
7; 286.2045; -37.2319
7; 286.563; -37.0358
7; 286.6875; -36.7703
7; 286.809; -36.5047
7; 286.929; -36.2394
7; 287.0535; -35.9739
7; 287.175; -35.7086
7; 287.2965; -35.4431
7; 287.4165; -35.1778
7; 287.538; -34.9128
7; 287.658; -34.6475
7; 287.5545; -34.3119
7; 287.6745; -34.0467
7; 287.6835; -33.7461
7; 287.691; -33.4453
7; 287.8125; -33.1803
7; 287.712; -32.8433
7; 287.8335; -32.5783
7; 287.9535; -32.3133
7; 287.859; -31.9758
7; 287.979; -31.7108
7; 287.883; -31.3728
7; 287.787; -31.0342
7; 287.691; -30.6953
7; 287.5995; -30.3556
7; 287.508; -30.0156
7; 287.421; -29.6753
7; 287.5455; -29.41
7; 287.667; -29.1447
7; 287.7915; -28.8797
7; 287.916; -28.6147
7; 288.042; -28.3494
7; 288.162; -28.0847
7; 288.288; -27.8197
7; 288.6165; -27.6308
7; 288.9495; -27.4422
7; 289.071; -27.1778
7; 289.3995; -26.9892
7; 289.521; -26.7247
7; 289.641; -26.4606
7; 289.866; -26.2344
7; 290.091; -26.0086
7; 290.2125; -25.7447
7; 290.3295; -25.4811
7; 290.4495; -25.2172
7; 290.367; -24.8772
7; 290.283; -24.5367
7; 290.304; -24.2344
7; 290.325; -23.9319
7; 290.2455; -23.5903
7; 290.166; -23.2483
7; 290.1915; -22.9453
7; 290.2125; -22.6422
7; 290.1375; -22.2994
7; 290.259; -22.0356
7; 290.283; -21.7319
7; 290.3085; -21.4283
7; 290.433; -21.1647
7; 290.5545; -20.9011
7; 290.679; -20.6378
7; 290.8005; -20.3742
7; 290.925; -20.1108
7; 291.0495; -19.8478
7; 291.171; -19.5844
7; 291.1005; -19.2403
7; 291.225; -18.9772
7; 291.159; -18.6328
7; 291.183; -18.3286
7; 291.213; -18.0247
7; 291.1455; -17.6792
7; 291.0795; -17.3333
7; 290.9205; -16.9458
7; 290.763; -16.5575
7; 290.7; -16.2103
7; 290.637; -15.8628
7; 290.763; -15.5994
7; 290.7045; -15.2517
7; 290.7375; -14.9458
7; 290.7705; -14.64
7; 290.8995; -14.3767
7; 291.0255; -14.1133
7; 290.967; -13.7647
7; 291.096; -13.5014
7; 291.0375; -13.1525
7; 290.9835; -12.8033
7; 291.1125; -12.54
7; 291.2415; -12.2769
7; 291.183; -11.9272
7; 291.129; -11.5775
7; 291.1665; -11.2708
7; 291.0255; -10.8767
7; 291.063; -10.5697
7; 291.1005; -10.2628
7; 290.958; -9.8675
7; 291; -9.5603
7; 290.946; -9.2086
7; 290.8965; -8.8567
7; 290.937; -8.5492
7; 290.979; -8.2414
7; 290.934; -7.8889
7; 290.883; -7.5364
7; 290.925; -7.2283
7; 290.7915; -6.8303
7; 290.8335; -6.5219
7; 290.6955; -6.1236
7; 290.742; -5.815
7; 290.787; -5.5064
7; 290.6505; -5.1069
7; 290.6955; -4.7981
7; 290.6535; -4.4439
7; 290.6085; -4.0892
7; 290.658; -3.78
7; 290.7045; -3.4708
7; 291.0165; -3.2992
7; 291.2415; -3.0817
7; 291.6465; -2.9564
7; 291.9585; -2.7856
7; 292.2705; -2.615
7; 292.587; -2.4447
7; 292.7205; -2.1828
7; 292.8585; -1.9211
7; 292.9965; -1.6592
7; 293.1285; -1.3978
7; 293.1795; -1.0897
7; 293.1375; -1
7; 278.3415; -1.0128
7; 278.2035; -1.2786
7; 277.887; -1.4517
7; 277.5705; -1.6247
7; 277.3455; -1.8439
7; 276.9375; -1.97
7; 277.059; -9.2592
7; 277.146; -9.3058
7; 277.416; -9.4458
7; 277.779; -9.4086
7; 278.0505; -9.5481
7; 278.316; -9.6875
7; 278.4045; -9.9572
7; 278.442; -10.3158
7; 278.2125; -10.535
7; 277.9785; -10.7544
7; 277.566; -10.8803
7; 277.1535; -11.0058
7; 261.813; -24.3803
7; 261.963; -24.3519
7; 262.4205; -24.2658
7; 262.6965; -24.4292
7; 262.971; -24.5922
7; 263.25; -24.7544
7; 263.4705; -25.0003
7; 263.571; -25.4142
7; 263.5785; -25.7742
7; 263.2125; -25.9183
7; 262.842; -26.0611
7; 262.566; -26.2578
7; 262.413; -26.2867
7; 264.075; -29.7308
7; 264.138; -29.6464
7; 264.612; -29.5533
7; 264.687; -29.8292
7; 264.4995; -30.0828
7; 264.609; -30.4967
7; 264.5205; -30.8039
7; 264.6285; -31.2175
7; 264.867; -31.4619
7; 264.8415; -31.6844
7; 264.6165; -31.8006
7; 264.3165; -31.6403
7; 264.021; -31.4794
7; 260.8245; -32.3269
7; 260.859; -32.4658
7; 261.084; -32.7169
7; 261.1785; -33.1333
7; 261.2745; -33.55
7; 261.375; -33.9664
7; 261.5415; -34.2997
7; 261.609; -34.5772
7; 261.4035; -34.8264
7; 261.1995; -35.075
7; 260.7915; -35.2108
7; 260.583; -35.4586
7; 260.3745; -35.7061
7; 260.163; -35.9531
7; 259.65; -36.0281
7; 259.134; -36.1011
7; 258.612; -36.1717
7; 258.4125; -36.0553
7; 258.066; -36.1006
7; 257.466; -39.4669
7; 257.646; -39.4456
7; 257.9625; -39.6219
7; 258.1245; -39.96
7; 258.291; -40.2978
7; 258.534; -40.5539
7; 258.7785; -40.8094
7; 258.8745; -41.2278
7; 258.75; -41.53
7; 258.6285; -41.8322
7; 258.3915; -42.0758
7; 258.159; -42.3192
7; 257.916; -42.5622
7; 257.679; -42.8047
7; 257.4375; -43.0467
7; 257.196; -43.2881
7; 257.1705; -43.6481
7; 257.1465; -44.0081
7; 256.9005; -44.2489
7; 256.425; -44.3697
7; 256.1715; -44.6092
7; 255.6915; -44.7269
7; 255.0165; -44.8606
7; 258.7995; -53.3319
8; 225; -58.8431
8; 224.8785; -58.8431
8; 224.2755; -58.8975
8; 223.491; -58.7719
8; 222.717; -58.6414
8; 222.117; -58.4619
8; 222.375; -58.06
8; 222.6255; -57.6575
8; 222.8715; -57.2547
8; 223.2795; -57.0292
8; 223.683; -56.8022
8; 223.9965; -56.4856
8; 224.562; -56.4325
8; 225; -56.3769
8; 225.0165; -46.0108
8; 224.892; -46.0589
8; 224.6625; -46.3769
8; 224.2875; -46.5189
8; 223.908; -46.6594
8; 223.5285; -46.7986
8; 223.146; -46.9361
8; 222.762; -47.0719
8; 222.246; -47.0281
8; 221.859; -47.1606
8; 221.4045; -47.2017
8; 220.95; -47.2406
8; 220.5585; -47.3675
8; 220.167; -47.4931
8; 219.771; -47.6169
8; 219.3705; -47.7392
8; 218.9715; -47.86
8; 218.688; -48.1619
8; 218.283; -48.2797
8; 217.9335; -48.4878
8; 217.584; -48.6947
8; 217.2285; -48.9003
8; 216.8715; -49.1044
8; 216.5085; -49.3075
8; 216.141; -49.5092
8; 215.829; -49.8028
8; 215.5125; -50.0953
8; 215.2455; -50.4806
8; 214.9755; -50.865
8; 214.6965; -51.2489
8; 214.713; -51.5647
8; 214.7295; -51.8803
8; 214.746; -52.1961
8; 214.758; -52.5119
8; 214.467; -52.8953
8; 214.113; -53.1836
8; 213.7545; -53.4708
8; 213.279; -53.5675
8; 212.8035; -53.6619
8; 212.2215; -53.5639
8; 211.746; -53.6539
8; 211.167; -53.5506
8; 210.6375; -53.5397
8; 210.108; -53.5267
8; 209.496; -53.3181
8; 208.884; -53.1061
8; 208.2795; -52.8908
8; 207.684; -52.6719
8; 207.096; -52.45
8; 206.5125; -52.2247
8; 205.971; -52.0939
8; 205.434; -51.9603
8; 204.963; -52.02
8; 204.492; -52.0775
8; 204.0165; -52.1331
8; 203.5455; -52.1861
8; 203.067; -52.2372
8; 202.671; -52.5822
8; 202.2165; -52.7281
8; 201.8085; -53.0697
8; 201.342; -53.2119
8; 200.8995; -53.4511
8; 200.4465; -53.6883
8; 199.95; -53.725
8; 199.4505; -53.7597
8; 198.9705; -53.8914
8; 198.4875; -54.0208
8; 198.012; -54.2478
8; 197.508; -54.2736
8; 197.013; -54.3964
8; 196.5165; -54.5172
8; 196.0035; -54.5358
8; 195.513; -54.7519
8; 195.3375; -54.7567
8; 192.042; -60.9997
8; 192.2505; -61
8; 192.8625; -60.8983
8; 193.479; -60.8942
8; 194.088; -60.6869
8; 194.6955; -60.6772
8; 195.3285; -60.8642
8; 195.966; -61.0481
8; 196.212; -61.3414
8; 196.6545; -61.5281
8; 196.908; -61.8203
8; 196.959; -62.1194
8; 197.004; -62.4189
8; 197.0505; -62.7181
8; 196.866; -62.9247
8; 196.4415; -63.0381
8; 196.4835; -63.3375
8; 196.0545; -63.4497
8; 195.384; -63.4658
8; 194.946; -63.5747
8; 194.7375; -63.7786
8; 194.058; -63.7886
8; 193.617; -63.9936
8; 192.933; -63.9983
8; 192.4755; -64.0997
8; 191.787; -64.1992
8; 191.325; -64.2969
8; 190.6245; -64.4911
8; 190.3785; -64.6883
8; 189.891; -64.8817
8; 189.6375; -65.0775
8; 189.384; -65.2733
8; 187.4955; -74.4519
8; 187.833; -74.5589
8; 188.916; -74.6767
8; 190.0005; -74.8894
8; 191.121; -74.8972
8; 192.2505; -74.9
8; 193.3755; -74.8972
8; 194.496; -74.8894
8; 195.621; -74.8764
8; 196.7415; -74.8581
8; 197.859; -74.8347
8; 198.9705; -74.8061
8; 200.037; -74.6731
8; 200.979; -74.3372
8; 201.9375; -74.0967
8; 202.875; -73.8525
8; 203.037; -73.5403
8; 203.8665; -73.1931
8; 204.666; -72.8431
8; 205.434; -72.49
8; 205.5465; -72.1761
8; 206.2755; -71.82
8; 207.0495; -71.5589
8; 207.804; -71.2947
8; 208.6965; -71.2214
8; 209.583; -71.1439
8; 210.462; -71.0625
8; 211.3335; -70.9775
8; 212.2005; -70.8883
8; 213.054; -70.7958
8; 213.9045; -70.6992
8; 214.746; -70.5992
8; 215.7915; -70.6822
8; 216.6255; -70.5739
8; 217.446; -70.4622
8; 218.3745; -70.4392
8; 219.3045; -70.4114
8; 220.2285; -70.3792
8; 221.1495; -70.3428
8; 222.0705; -70.3019
8; 222.984; -70.2567
8; 223.7535; -70.1189
8; 224.517; -69.9783
8; 225; -69.9306
8; 225; -58.8431
9; 195.3375; -54.7567
9; 195.159; -54.6614
9; 194.6415; -54.5739
9; 194.4495; -54.2778
9; 193.929; -53.9869
9; 193.416; -53.6936
9; 192.909; -53.3978
9; 192.4125; -53.2997
9; 191.916; -53.1994
9; 191.259; -53.1953
9; 190.767; -53.1894
9; 190.263; -53.3814
9; 189.7665; -53.3711
9; 189.2535; -53.5581
9; 188.754; -53.5431
9; 188.238; -53.7253
9; 187.737; -53.7056
9; 187.2375; -53.6833
9; 186.7545; -53.5594
9; 186.2715; -53.4331
9; 185.829; -53.1058
9; 185.3535; -52.9756
9; 184.9245; -52.6444
9; 184.5; -52.3117
9; 184.041; -52.1753
9; 183.588; -52.0372
9; 183.159; -51.7981
9; 182.7375; -51.5572
9; 182.292; -51.4133
9; 181.854; -51.2675
9; 181.3875; -51.2183
9; 180.9255; -51.1672
9; 180.5505; -50.8189
9; 180.4875; -50.5061
9; 180.1215; -50.1561
9; 179.763; -49.805
9; 179.3505; -49.6486
9; 178.938; -49.4903
9; 178.5; -49.4281
9; 178.059; -49.3639
9; 177.621; -49.2975
9; 177.183; -49.2292
9; 176.7465; -49.1592
9; 176.313; -49.0869
9; 175.8795; -49.0128
9; 175.4505; -48.9367
9; 175.0215; -48.8589
9; 174.5505; -48.875
9; 174.0795; -48.8892
9; 173.6505; -48.805
9; 173.2245; -48.7192
9; 172.7535; -48.7269
9; 172.284; -48.7322
9; 171.8625; -48.6403
9; 171.3465; -48.7358
9; 170.925; -48.64
9; 170.4045; -48.7306
9; 169.9335; -48.7244
9; 169.3545; -48.9033
9; 168.879; -48.8922
9; 168.408; -48.8786
9; 167.991; -48.7703
9; 167.5785; -48.66
9; 167.166; -48.5478
9; 166.7535; -48.4342
9; 166.3455; -48.3186
9; 165.942; -48.2014
9; 165.537; -48.0825
9; 165.1335; -47.9619
9; 164.733; -47.8397
9; 164.337; -47.7158
9; 163.812; -47.7711
9; 163.4205; -47.6433
9; 162.8955; -47.6936
9; 162.504; -47.5622
9; 161.979; -47.6075
9; 161.454; -47.65
9; 161.067; -47.5128
9; 160.6785; -47.3742
9; 160.1535; -47.4097
9; 159.771; -47.2675
9; 159.2505; -47.2981
9; 158.7255; -47.3258
9; 158.346; -47.1781
9; 157.821; -47.2011
9; 157.446; -47.0497
9; 156.921; -47.0681
9; 156.5535; -46.9133
9; 156.0285; -46.9269
9; 155.583; -46.8533
9; 155.142; -46.7775
9; 154.659; -46.5622
9; 154.137; -46.5656
9; 153.7785; -46.4006
9; 153.342; -46.3169
9; 152.904; -46.2314
9; 152.5545; -46.0617
9; 152.2035; -45.8911
9; 151.7715; -45.8003
9; 151.341; -45.7078
9; 151.0005; -45.5328
9; 150.492; -45.5172
9; 150.15; -45.3394
9; 149.8125; -45.1603
9; 149.30835; -45.1383
9; 148.97505; -44.9564
9; 148.55415; -44.8519
9; 148.14165; -44.7456
9; 147.81255; -44.5597
9; 147.4875; -44.3728
9; 147.0792; -44.2619
9; 146.6709; -44.1494
9; 146.35005; -43.9586
9; 146.03745; -43.7669
9; 145.7208; -43.5742
9; 145.5; -43.3047
9; 145.2834; -43.0344
9; 144.975; -42.8394
9; 144.6708; -42.6433
9; 144.3666; -42.4461
9; 144.0666; -42.2481
9; 143.7708; -42.0492
9; 143.4708; -41.8492
9; 143.1792; -41.6486
9; 142.70415; -41.5936
9; 142.41255; -41.3903
9; 142.125; -41.1864
9; 141.65415; -41.1264
9; 141.5541; -40.7758
9; 141.2709; -40.5694
9; 140.9916; -40.3619
9; 140.8959; -40.0111
9; 140.6166; -39.8028
9; 140.4333; -39.5225
9; 140.2542; -39.2419
9; 139.9833; -39.0317
9; 139.89585; -38.6797
9; 139.62915; -38.4686
9; 139.36245; -38.2567
9; 139.09995; -38.0439
9; 138.83745; -37.8303
9; 138.57495; -37.6161
9; 138.31665; -37.4011
9; 138.05835; -37.1856
9; 137.6208; -37.1058
9; 137.3667; -36.8883
9; 137.025; -36.7381
9; 136.6791; -36.5864
9; 136.3416; -36.4336
9; 136.00005; -36.2794
9; 135.66255; -36.1242
9; 135.32505; -35.9678
9; 134.98755; -35.8103
9; 134.6541; -35.6517
9; 134.3208; -35.4917
9; 133.9917; -35.3308
9; 133.7541; -35.1039
9; 133.70415; -34.7475
9; 133.4709; -34.52
9; 133.33335; -34.2275
9; 133.1958; -33.9353
9; 133.15005; -33.5783
9; 133.10415; -33.2219
9; 132.9708; -32.9292
9; 132.83745; -32.6361
9; 132.7959; -32.2797
9; 132.7542; -31.9231
9; 132.62505; -31.63
9; 132.4917; -31.3369
9; 132.4542; -30.9803
9; 132.4167; -30.6239
9; 132.2916; -30.3306
9; 132.3459; -29.9114
9; 132.2208; -29.6181
9; 132.09585; -29.3244
9; 132.0666; -28.9683
9; 132.0333; -28.6125
9; 131.91255; -28.3189
9; 131.79165; -28.025
9; 131.67495; -27.7311
9; 131.5542; -27.4372
9; 131.4375; -27.1431
9; 131.325; -26.8489
9; 131.12085; -26.6158
9; 130.9167; -26.3825
9; 130.8042; -26.0875
9; 130.6917; -25.7925
9; 130.4958; -25.5581
9; 130.29585; -25.3233
9; 130.09995; -25.0881
9; 129.9042; -24.8522
9; 129.7083; -24.6161
9; 129.5166; -24.3797
9; 129.32085; -24.1428
9; 129.12915; -23.9053
9; 128.94165; -23.6675
9; 128.74995; -23.4294
9; 128.56245; -23.1908
9; 128.3709; -22.9519
9; 128.00835; -22.8294
9; 127.82085; -22.5892
9; 127.63755; -22.3489
9; 127.4541; -22.1081
9; 127.2708; -21.8669
9; 127.0875; -21.6253
9; 126.9042; -21.3833
9; 126.54585; -21.2553
9; 126.3666; -21.0125
9; 126.10005; -20.8258
9; 125.83335; -20.6383
9; 125.6541; -20.3942
9; 125.4792; -20.1494
9; 125.29995; -19.9047
9; 124.95; -19.7708
9; 124.6875; -19.5806
9; 124.425; -19.3894
9; 124.1916; -19.0603
9; 123.84585; -18.9228
9; 123.675; -18.675
9; 123.32505; -18.5361
9; 122.97915; -18.3958
9; 122.6334; -18.2547
9; 122.2875; -18.1125
9; 121.9416; -17.9694
9; 121.60005; -17.8253
9; 121.3416; -17.6269
9; 121.0875; -17.4281
9; 120.7458; -17.2817
9; 120.4041; -17.1342
9; 120.24165; -16.8808
9; 119.89995; -16.7319
9; 119.7375; -16.4781
9; 119.57505; -16.2239
9; 119.325; -16.0214
9; 119.07915; -15.8183
9; 118.8291; -15.615
9; 118.5792; -15.4108
9; 118.33335; -15.2064
9; 118.0875; -15.0014
9; 117.84165; -14.7961
9; 117.5958; -14.5903
9; 117.2625; -14.4344
9; 116.925; -14.2781
9; 116.7708; -14.0203
9; 116.6166; -13.7625
9; 116.2875; -13.6044
9; 116.1333; -13.3461
9; 115.9791; -13.0875
9; 115.9167; -12.7789
9; 115.85415; -12.4703
9; 115.69995; -12.2114
9; 115.725; -11.8531
9; 115.575; -11.5939
9; 115.425; -11.3347
9; 115.4541; -10.9767
9; 115.3041; -10.7172
9; 115.2417; -10.4086
9; 115.18335; -10.0997
9; 115.03335; -9.8403
9; 114.88755; -9.5803
9; 114.91245; -9.2228
9; 114.76665; -8.9628
9; 114.62085; -8.7028
9; 114.47505; -8.4425
9; 114.4167; -8.1336
9; 114.35835; -7.8247
9; 114.21255; -7.5642
9; 114.0666; -7.3033
9; 113.9208; -7.0428
9; 113.7792; -6.7817
9; 113.6334; -6.5208
9; 113.4417; -6.1725
9; 113.2083; -5.9592
9; 112.9791; -5.7453
9; 112.8375; -5.4836
9; 112.6917; -5.2217
9; 112.54995; -4.9597
9; 112.40835; -4.6975
9; 112.2666; -4.4353
9; 112.21245; -4.1256
9; 112.1625; -3.8161
9; 112.0209; -3.5536
9; 112.0542; -3.1967
9; 111.91665; -2.9342
9; 111.77505; -2.6717
9; 111.6333; -2.4089
9; 111.6708; -2.0522
9; 111.5334; -1.7894
9; 111.39165; -1.5267
9; 111.42915; -1.17
9; 111.3375; -1
9; 93.2334; -1
9; 93.05835; -1.4031
9; 92.9292; -1.8044
9; 92.80005; -2.2053
9; 92.6709; -2.6061
9; 92.71665; -2.9147
9; 92.5875; -3.3147
9; 92.6334; -3.6231
9; 92.67915; -3.9314
9; 92.8125; -4.1942
9; 92.95005; -4.4569
9; 93.2625; -4.6289
9; 93.4833; -4.8467
9; 93.7083; -5.0644
9; 93.9333; -5.2828
9; 94.1583; -5.5011
9; 94.4709; -5.6744
9; 94.78335; -5.8478
9; 95.00835; -6.0669
9; 95.23335; -6.2861
9; 95.63745; -6.415
9; 96.0417; -6.5444
9; 96.2667; -6.7642
9; 96.4917; -6.9842
9; 96.7167; -7.2042
9; 96.9417; -7.4242
9; 97.25415; -7.5994
9; 97.3917; -7.8647
9; 97.70415; -8.0403
9; 98.0208; -8.2158
9; 98.2458; -8.4364
9; 98.6541; -8.5672
9; 98.9709; -8.7431
9; 99.28755; -8.9189
9; 99.51255; -9.1397
9; 99.73755; -9.3608
9; 99.87495; -9.6269
9; 100.0125; -9.8931
9; 100.32915; -10.0692
9; 100.4667; -10.3353
9; 100.6917; -10.5564
9; 100.9209; -10.7778
9; 101.0583; -11.0439
9; 101.19585; -11.3103
9; 101.42085; -11.5314
9; 101.65005; -11.7528
9; 101.78745; -12.0192
9; 101.925; -12.2853
9; 102.06255; -12.5517
9; 102.19995; -12.8181
9; 102.1584; -13.1744
9; 102.2958; -13.4408
9; 102.43335; -13.7072
9; 102.5709; -13.9736
9; 102.7083; -14.24
9; 102.85005; -14.5064
9; 102.98745; -14.7725
9; 103.125; -15.0389
9; 103.0791; -15.3953
9; 103.125; -15.7067
9; 103.17495; -16.0178
9; 103.22085; -16.3289
9; 103.1709; -16.685
9; 103.125; -17.0408
9; 103.07505; -17.3967
9; 103.02915; -17.7522
9; 103.07505; -18.0631
9; 103.02495; -18.4183
9; 102.975; -18.7733
9; 102.92505; -19.1283
9; 102.9666; -19.4389
9; 102.8208; -19.8378
9; 102.8667; -20.1481
9; 102.81255; -20.5022
9; 102.7584; -20.8564
9; 102.6084; -21.2539
9; 102.64995; -21.5639
9; 102.5958; -21.9175
9; 102.4959; -22.1819
9; 102.43755; -22.535
9; 102.28335; -22.9308
9; 102.32505; -23.2403
9; 102.36255; -23.5494
9; 102.4041; -23.8589
9; 102.54165; -24.1253
9; 102.6792; -24.3917
9; 102.8208; -24.6578
9; 102.95835; -24.9242
9; 103.2; -25.1475
9; 103.63755; -25.2844
9; 103.9791; -25.4642
9; 104.42085; -25.6
9; 104.86245; -25.735
9; 105.2583; -25.7806
9; 105.50415; -26.0025
9; 105.94995; -26.1356
9; 106.1958; -26.3569
9; 106.5459; -26.5336
9; 106.89165; -26.7097
9; 107.2917; -26.7519
9; 107.4417; -27.0172
9; 107.5917; -27.2825
9; 107.7459; -27.5475
9; 107.8959; -27.8125
9; 107.8458; -28.1681
9; 107.9958; -28.4331
9; 108.04995; -28.7431
9; 108.19995; -29.0081
9; 108.35415; -29.2731
9; 108.4083; -29.5831
9; 108.4584; -29.8931
9; 108.61245; -30.1578
9; 108.5625; -30.5128
9; 108.7167; -30.7775
9; 108.77085; -31.0872
9; 108.8208; -31.3969
9; 108.87495; -31.7067
9; 109.03335; -31.9711
9; 109.1916; -32.2356
9; 109.4541; -32.4547
9; 109.82505; -32.6278
9; 110.0916; -32.8461
9; 110.3583; -33.0642
9; 110.7333; -33.2356
9; 111.1125; -33.4064
9; 111.5958; -33.5297
9; 111.8709; -33.7456
9; 112.14585; -33.9611
9; 112.3125; -34.2233
9; 112.48335; -34.4856
9; 112.7625; -34.7
9; 113.04165; -34.9144
9; 113.3208; -35.1281
9; 113.71245; -35.2933
9; 113.8875; -35.5542
9; 114.17085; -35.7667
9; 114.34995; -36.0272
9; 114.6375; -36.2389
9; 114.8166; -36.4989
9; 114.7209; -36.7697
9; 114.39585; -36.9156
9; 114.0666; -37.0603
9; 113.91255; -37.465
9; 113.75835; -37.8694
9; 113.60415; -38.2731
9; 113.7834; -38.5342
9; 113.9667; -38.795
9; 114.1458; -39.0558
9; 114.3291; -39.3164
9; 114.5166; -39.5767
9; 114.9291; -39.7403
9; 115.1166; -40
9; 115.3041; -40.2597
9; 115.4916; -40.5192
9; 115.6833; -40.7783
9; 115.875; -41.0372
9; 116.0709; -41.2958
9; 116.0292; -41.6525
9; 116.22495; -41.9111
9; 116.18745; -42.2678
9; 116.1459; -42.6242
9; 115.9875; -43.0292
9; 115.82505; -43.4336
9; 115.6584; -43.8375
9; 115.4916; -44.2406
9; 115.5666; -44.5478
9; 115.6416; -44.8547
9; 115.59165; -45.2097
9; 115.5417; -45.5642
9; 115.4916; -45.9186
9; 115.43745; -46.2728
9; 115.51245; -46.5792
9; 115.58745; -46.8858
9; 115.7916; -47.1447
9; 115.99995; -47.4036
9; 116.2041; -47.6622
9; 116.41665; -47.9206
9; 116.625; -48.1789
9; 116.83755; -48.4367
9; 116.78745; -48.7906
9; 117.0042; -49.0483
9; 117.2208; -49.3058
9; 117.43755; -49.5631
9; 117.9291; -49.7222
9; 118.55835; -49.8303
9; 119.19165; -49.9356
9; 119.6709; -49.8686
9; 120.3042; -49.9689
9; 120.9417; -50.0661
9; 121.5834; -50.1608
9; 122.0625; -50.0853
9; 122.6208; -50.0911
9; 123.01245; -49.9289
9; 123.4041; -49.7653
9; 123.7917; -49.6003
9; 124.17495; -49.4342
9; 124.4292; -49.6811
9; 124.6875; -49.9275
9; 124.95; -50.1733
9; 125.2125; -50.4189
9; 125.475; -50.6639
9; 125.7459; -50.9083
9; 126.01245; -51.1522
9; 126.28755; -51.3958
9; 126.5625; -51.6389
9; 126.84165; -51.8814
9; 127.1208; -52.1233
9; 127.40415; -52.3644
9; 127.425; -52.7225
9; 127.71255; -52.9633
9; 128.00415; -53.2036
9; 128.2959; -53.4431
9; 128.3208; -53.8008
9; 128.6208; -54.04
9; 128.925; -54.2783
9; 128.9541; -54.6358
9; 129.12495; -54.9333
9; 129.2958; -55.2308
9; 129.46665; -55.5281
9; 129.6459; -55.825
9; 129.96255; -56.0611
9; 130.28745; -56.2964
9; 130.6167; -56.5311
9; 130.9458; -56.7653
9; 131.2833; -56.9983
9; 131.6208; -57.2308
9; 131.9667; -57.4625
9; 132.31245; -57.6936
9; 132.66255; -57.9236
9; 132.72495; -58.2797
9; 133.0833; -58.5089
9; 133.44585; -58.7372
9; 133.81245; -58.9644
9; 134.18745; -59.1911
9; 134.41245; -59.4817
9; 134.64165; -59.7717
9; 134.8791; -60.0614
9; 135.1167; -60.3508
9; 135.35415; -60.64
9; 135.6; -60.9286
9; 135.85005; -61.2167
9; 136.09995; -61.5044
9; 136.51665; -61.7253
9; 136.93755; -61.9447
9; 137.2041; -62.2308
9; 137.475; -62.5161
9; 138.05835; -62.8053
9; 138.50415; -63.0206
9; 138.95415; -63.2347
9; 139.0875; -63.5864
9; 139.54995; -63.7989
9; 140.0208; -64.0103
9; 140.1666; -64.3608
9; 140.65005; -64.5703
9; 141.1416; -64.7783
9; 141.6375; -64.985
9; 142.14165; -65.19
9; 142.65; -65.3936
9; 143.1708; -65.5956
9; 143.53335; -65.8697
9; 143.89995; -66.1428
9; 144.1041; -66.4894
9; 144.31665; -66.8356
9; 144.87915; -67.0322
9; 145.44585; -67.2275
9; 145.84995; -67.4964
9; 146.26665; -67.7642
9; 146.5167; -68.1075
9; 147.1209; -68.2972
9; 147.73755; -68.485
9; 148.0125; -68.8261
9; 148.65; -69.0108
9; 148.9458; -69.3503
9; 149.42505; -69.6108
9; 149.9166; -69.8697
9; 150.063; -70.2867
9; 150.5745; -70.5439
9; 150.921; -70.8803
9; 151.641; -71.0547
9; 152.1915; -71.3081
9; 152.7585; -71.5597
9; 153.1545; -71.8917
9; 153.9285; -72.0583
9; 154.7205; -72.2219
9; 155.1585; -72.5503
9; 156.258; -72.7617
9; 156.9165; -73.0017
9; 157.596; -73.2397
9; 158.466; -73.3894
9; 159.354; -73.5358
9; 160.2585; -73.6786
9; 161.3415; -73.7297
9; 162.4335; -73.7756
9; 163.6875; -73.7261
9; 164.934; -73.6703
9; 165.888; -73.7903
9; 166.8495; -73.9067
9; 168.1005; -73.8333
9; 169.083; -73.9403
9; 170.325; -73.855
9; 171.321; -73.9522
9; 172.554; -73.8547
9; 173.7705; -73.7508
9; 174.7785; -73.8331
9; 175.8; -73.9108
9; 176.8245; -73.9839
9; 177.8625; -74.0525
9; 178.983; -74.0183
9; 180.1005; -73.9792
9; 181.212; -73.9342
9; 182.316; -73.8842
9; 183.4665; -73.7294
9; 184.509; -73.7678
9; 185.4795; -74
9; 186.441; -74.3278
9; 187.4955; -74.4519
9; 189.384; -65.2733
9; 189.141; -65.2686
9; 188.442; -65.1528
9; 187.9665; -65.1403
9; 187.746; -65.0336
9; 187.563; -64.7272
9; 187.6125; -64.4281
9; 187.662; -64.1289
9; 187.713; -63.8294
9; 187.758; -63.5303
9; 187.8045; -63.2311
9; 187.8495; -62.9317
9; 188.112; -62.6389
9; 188.154; -62.3394
9; 188.4045; -62.0464
9; 189.075; -61.7631
9; 189.3165; -61.4681
9; 189.759; -61.1767
9; 190.188; -60.9839
9; 190.8045; -60.9919
9; 191.4255; -60.9972
9; 192.042; -60.9997
9; 195.3375; -54.7567
10; 225; -56.3769
10; 225.1245; -56.3769
10; 225.5955; -56.2314
10; 226.0665; -56.0842
10; 226.5285; -55.935
10; 226.992; -55.7842
10; 227.541; -55.7172
10; 228.087; -55.6481
10; 228.8205; -55.7461
10; 229.3665; -55.6708
10; 230.004; -55.6775
10; 230.646; -55.6806
10; 231.087; -55.5142
10; 231.525; -55.3464
10; 231.9585; -55.1769
10; 232.392; -55.0061
10; 232.8165; -54.8336
10; 233.241; -54.6597
10; 233.658; -54.4842
10; 233.8755; -54.1458
10; 234.288; -53.9683
10; 234.696; -53.7892
10; 235.0995; -53.6089
10; 235.296; -53.2681
10; 235.6965; -53.0856
10; 236.088; -52.9017
10; 236.2755; -52.5594
10; 236.6625; -52.3736
10; 236.841; -52.0306
10; 237.2205; -51.8428
10; 237.5955; -51.6539
10; 237.9705; -51.4639
10; 238.137; -51.1189
10; 238.2; -50.6964
10; 238.2585; -50.2742
10; 238.3215; -49.8517
10; 238.3785; -49.4294
10; 238.6335; -49.1606
10; 238.6875; -48.7381
10; 238.7415; -48.3156
10; 238.791; -47.8933
10; 238.617; -47.5997
10; 238.671; -47.1775
10; 238.704; -46.8961
10; 239.2125; -46.9953
10; 239.6085; -47.1575
10; 240.234; -47.1864
10; 240.8535; -47.2119
10; 241.179; -47.0114
10; 241.4085; -46.7364
10; 241.629; -46.4606
10; 241.7535; -46.1108
10; 241.875; -45.7611
10; 242.091; -45.4844
10; 242.3085; -45.2072
10; 242.4255; -44.8569
10; 242.538; -44.5064
10; 242.5545; -44.0831
10; 242.571; -43.6597
10; 242.388; -43.3731
10; 242.013; -43.0811
10; 241.8255; -42.9344
10; 241.35; -42.8486
10; 240.8745; -42.7606
10; 240.4005; -42.6703
10; 240.0045; -42.7933
10; 239.433; -42.7639
10; 238.959; -42.6669
10; 238.491; -42.5678
10; 238.125; -42.4028
10; 237.7455; -42.3764
10; 237.1785; -42.3344
10; 236.613; -42.2889
10; 236.2125; -42.3967
10; 235.8165; -42.5025
10; 235.416; -42.6069
10; 235.017; -42.7094
10; 234.696; -42.8897
10; 234.375; -43.0689
10; 234.0495; -43.2469
10; 233.7255; -43.4239
10; 233.562; -43.7608
10; 233.229; -43.9361
10; 232.896; -44.1103
10; 232.725; -44.4456
10; 232.3875; -44.6178
10; 232.209; -44.9525
10; 231.6255; -44.8767
10; 231.042; -44.7978
10; 230.688; -44.605
10; 230.304; -44.5489
10; 229.9545; -44.3536
10; 229.3785; -44.2647
10; 228.8085; -44.1722
10; 228.387; -44.2458
10; 227.9625; -44.3172
10; 227.613; -44.4722
10; 227.262; -44.6256
10; 226.908; -44.7778
10; 226.5495; -44.9286
10; 226.191; -45.0781
10; 225.8295; -45.2261
10; 225.609; -45.5461
10; 225.246; -45.6919
10; 225.0165; -46.0108